+2.795816e+01 +2.799409e+01 99000000  -1 13118513 5 8861231 1 6 11702 3 99000000  0 8508867 0 3729899 1 2 0 6 99000000  0 0 0 0 1 2 0 6 99000000  0 0 0 0 1 2 0 6 
+2.795577e+01 +2.799409e+01 99004000  -1 13120891 5 8868425 1 6 11702 3 99004000  0 8503487 0 3658827 1 2 0 6 99004000  0 0 0 0 1 2 0 6 99004000  0 0 0 0 1 2 0 6 
+2.795577e+01 +2.799409e+01 99008000  -1 13120077 5 8869425 1 6 11702 3 99008000  0 8510869 0 3715133 1 2 0 6 99008000  0 0 0 0 1 2 0 6 99008000  0 0 0 0 1 2 0 6 
+2.795577e+01 +2.799409e+01 99012000  -1 13125585 5 8873991 1 6 11702 3 99012000  0 8496857 0 3736531 1 2 0 6 99012000  0 0 0 0 1 2 0 6 99012000  0 0 0 0 1 2 0 6 
+2.795577e+01 +2.799409e+01 99015992  -1 13129589 5 8868801 1 6 11702 3 99015992  0 8509993 0 3694487 1 2 0 6 99015992  0 0 0 0 1 2 0 6 99015992  0 0 0 0 1 2 0 6 
+2.795577e+01 +2.799409e+01 99020000  -1 13131843 5 8870239 1 6 11702 3 99020000  0 8492103 0 3717699 1 2 0 6 99020000  0 0 0 0 1 2 0 6 99020000  0 0 0 0 1 2 0 6 
+2.795577e+01 +2.799409e+01 99024000  -1 13136597 5 8873867 1 6 11702 3 99024000  0 8499671 0 3746353 1 2 0 6 99024000  0 0 0 0 1 2 0 6 99024000  0 0 0 0 1 2 0 6 
+2.795577e+01 +2.799409e+01 99028000  -1 13138913 5 8875367 1 6 11702 3 99028000  0 8506991 0 3697867 1 2 0 6 99028000  0 0 0 0 1 2 0 6 99028000  0 0 0 0 1 2 0 6 
+2.795577e+01 +2.799409e+01 99032000  -1 13138163 5 8881621 1 6 11702 3 99032000  0 8495981 0 3683101 1 2 0 6 99032000  0 0 0 0 1 2 0 6 99032000  0 0 0 0 1 2 0 6 
+2.795577e+01 +2.799409e+01 99036000  -1 13144357 5 8883123 1 6 11702 3 99036000  0 8482971 0 3711755 1 2 0 6 99036000  0 0 0 0 1 2 0 6 99036000  0 0 0 0 1 2 0 6 
+2.795577e+01 +2.799409e+01 99040000  -1 13148049 5 8891253 1 6 11702 3 99040000  0 8506365 0 3683915 1 2 0 6 99040000  0 0 0 0 1 2 0 6 99040000  0 0 0 0 1 2 0 6 
+2.795577e+01 +2.799409e+01 99044000  -1 13152053 5 8894943 1 6 11702 3 99044000  0 8493729 0 3734903 1 2 0 6 99044000  0 0 0 0 1 2 0 6 99044000  0 0 0 0 1 2 0 6 
+2.795577e+01 +2.799409e+01 99048000  -1 13155997 5 8895695 1 6 11702 3 99048000  0 8511807 0 3779385 1 2 0 6 99048000  0 0 0 0 1 2 0 6 99048000  0 0 0 0 1 2 0 6 
+2.795577e+01 +2.799409e+01 99052000  -1 13155933 5 8899197 1 6 11702 3 99052000  0 8526821 0 3727083 1 2 0 6 99052000  0 0 0 0 1 2 0 6 99052000  0 0 0 0 1 2 0 6 
+2.795577e+01 +2.799409e+01 99056000  -1 13156497 5 8898759 1 6 11702 3 99056000  0 8533013 0 3759991 1 2 0 6 99056000  0 0 0 0 1 2 0 6 99056000  0 0 0 0 1 2 0 6 
+2.795577e+01 +2.799409e+01 99060000  -1 13159875 5 8898821 1 6 11702 3 99060000  0 8531387 0 3748355 1 2 0 6 99060000  0 0 0 0 1 2 0 6 99060000  0 0 0 0 1 2 0 6 
+2.795577e+01 +2.799409e+01 99064000  -1 13165069 5 8906139 1 6 11702 3 99064000  0 8524505 0 3670527 1 2 0 6 99064000  0 0 0 0 1 2 0 6 99064000  0 0 0 0 1 2 0 6 
+2.795577e+01 +2.799409e+01 99068000  -1 13170513 5 8908203 1 6 11702 3 99068000  0 8524067 0 3755675 1 2 0 6 99068000  0 0 0 0 1 2 0 6 99068000  0 0 0 0 1 2 0 6 
+2.795577e+01 +2.799409e+01 99072000  -1 13170263 5 8912645 1 6 11702 3 99072000  0 8518125 0 3733215 1 2 0 6 99072000  0 0 0 0 1 2 0 6 99072000  0 0 0 0 1 2 0 6 
+2.795577e+01 +2.799409e+01 99075992  -1 13174205 5 8912833 1 6 11702 3 99075992  0 8525569 0 3690297 1 2 0 6 99075992  0 0 0 0 1 2 0 6 99075992  0 0 0 0 1 2 0 6 
+2.795577e+01 +2.799409e+01 99080000  -1 13175583 5 8918461 1 6 11702 3 99080000  0 8527821 0 3781889 1 2 0 6 99080000  0 0 0 0 1 2 0 6 99080000  0 0 0 0 1 2 0 6 
+2.795577e+01 +2.799409e+01 99084000  -1 13180775 5 8924091 1 6 11702 3 99084000  0 8522567 0 3741409 1 2 0 6 99084000  0 0 0 0 1 2 0 6 99084000  0 0 0 0 1 2 0 6 
+2.795577e+01 +2.799409e+01 99088000  -1 13184093 5 8925091 1 6 11702 3 99088000  0 8535015 0 3744351 1 2 0 6 99088000  0 0 0 0 1 2 0 6 99088000  0 0 0 0 1 2 0 6 
+2.795577e+01 +2.799409e+01 99092000  -1 13185907 5 8930721 1 6 11702 3 99092000  0 8518939 0 3735529 1 2 0 6 99092000  0 0 0 0 1 2 0 6 99092000  0 0 0 0 1 2 0 6 
+2.795577e+01 +2.799409e+01 99096000  -1 13189599 5 8939163 1 6 11702 3 99096000  0 8525131 0 3791835 1 2 0 6 99096000  0 0 0 0 1 2 0 6 99096000  0 0 0 0 1 2 0 6 
+2.795577e+01 +2.799409e+01 99100000  -1 13191789 5 8937037 1 6 11702 3 99100000  0 8530385 0 3763307 1 2 0 6 99100000  0 0 0 0 1 2 0 6 99100000  0 0 0 0 1 2 0 6 
+2.795577e+01 +2.799409e+01 99103992  -1 13194293 5 8946419 1 6 11702 3 99103992  0 8511433 0 3728147 1 2 0 6 99103992  0 0 0 0 1 2 0 6 99103992  0 0 0 0 1 2 0 6 
+2.795577e+01 +2.799409e+01 99107992  -1 13199111 5 8946481 1 6 11702 3 99107992  0 8528885 0 3772503 1 2 0 6 99107992  0 0 0 0 1 2 0 6 99107992  0 0 0 0 1 2 0 6 
+2.795577e+01 +2.799409e+01 99112000  -1 13202803 5 8949359 1 6 11702 3 99112000  0 8543523 0 3796277 1 2 0 6 99112000  0 0 0 0 1 2 0 6 99112000  0 0 0 0 1 2 0 6 
+2.795577e+01 +2.799409e+01 99116000  -1 13203803 5 8947483 1 6 11702 3 99116000  0 8531137 0 3775881 1 2 0 6 99116000  0 0 0 0 1 2 0 6 99116000  0 0 0 0 1 2 0 6 
+2.795577e+01 +2.799409e+01 99120000  -1 13213941 5 8949983 1 6 11702 3 99120000  0 8546463 0 3780825 1 2 0 6 99120000  0 0 0 0 1 2 0 6 99120000  0 0 0 0 1 2 0 6 
+2.795577e+01 +2.799409e+01 99124000  -1 13215379 5 8957615 1 6 11702 3 99124000  0 8515561 0 3755299 1 2 0 6 99124000  0 0 0 0 1 2 0 6 99124000  0 0 0 0 1 2 0 6 
+2.795577e+01 +2.799409e+01 99128000  -1 13217821 5 8957177 1 6 11702 3 99128000  0 8527383 0 3760491 1 2 0 6 99128000  0 0 0 0 1 2 0 6 99128000  0 0 0 0 1 2 0 6 
+2.796535e+01 +2.959409e+01 99131992  -1 13221263 5 8963493 1 6 11702 3 99131992  0 8532325 0 3753047 1 2 0 6 99131992  0 0 0 0 1 2 0 6 99131992  0 0 0 0 1 2 0 6 
+2.796535e+01 +2.799409e+01 99135992  -1 13228271 5 8967935 1 6 11702 3 99135992  0 8530323 0 3708377 1 2 0 6 99135992  0 0 0 0 1 2 0 6 99135992  0 0 0 0 1 2 0 6 
+2.796535e+01 +2.799409e+01 99139992  -1 13227769 5 8967121 1 6 11702 3 99139992  0 8521691 0 3794775 1 2 0 6 99139992  0 0 0 0 1 2 0 6 99139992  0 0 0 0 1 2 0 6 
+2.796535e+01 +2.799409e+01 99144000  -1 13227331 5 8977441 1 6 11702 3 99144000  0 8541207 0 3783453 1 2 0 6 99144000  0 0 0 0 1 2 0 6 99144000  0 0 0 0 1 2 0 6 
+2.796535e+01 +2.799409e+01 99148000  -1 13235655 5 8979631 1 6 11702 3 99148000  0 8531761 0 3719889 1 2 0 6 99148000  0 0 0 0 1 2 0 6 99148000  0 0 0 0 1 2 0 6 
+2.796535e+01 +2.799409e+01 99152000  -1 13243915 5 8984197 1 6 11702 3 99152000  0 8526507 0 3749293 1 2 0 6 99152000  0 0 0 0 1 2 0 6 99152000  0 0 0 0 1 2 0 6 
+2.796535e+01 +2.799409e+01 99156000  -1 13244727 5 8986323 1 6 11702 3 99156000  0 8508993 0 3750607 1 2 0 6 99156000  0 0 0 0 1 2 0 6 99156000  0 0 0 0 1 2 0 6 
+2.796535e+01 +2.799409e+01 99159992  -1 13246667 5 9000771 1 6 11702 3 99159992  0 8524193 0 3754735 1 2 0 6 99159992  0 0 0 0 1 2 0 6 99159992  0 0 0 0 1 2 0 6 
+2.796535e+01 +2.799409e+01 99163992  -1 13249045 5 8994267 1 6 11702 3 99163992  0 8525069 0 3799155 1 2 0 6 99163992  0 0 0 0 1 2 0 6 99163992  0 0 0 0 1 2 0 6 
+2.796535e+01 +2.799409e+01 99167992  -1 13254865 5 8998457 1 6 11702 3 99167992  0 8500735 0 3747603 1 2 0 6 99167992  0 0 0 0 1 2 0 6 99167992  0 0 0 0 1 2 0 6 
+2.796535e+01 +2.799409e+01 99172000  -1 13256867 5 8999083 1 6 11702 3 99172000  0 8527195 0 3712693 1 2 0 6 99172000  0 0 0 0 1 2 0 6 99172000  0 0 0 0 1 2 0 6 
+2.796535e+01 +2.799409e+01 99176000  -1 13262999 5 9005087 1 6 11702 3 99176000  0 8508367 0 3734091 1 2 0 6 99176000  0 0 0 0 1 2 0 6 99176000  0 0 0 0 1 2 0 6 
+2.796535e+01 +2.799409e+01 99180000  -1 13265189 5 9006087 1 6 11702 3 99180000  0 8517437 0 3785579 1 2 0 6 99180000  0 0 0 0 1 2 0 6 99180000  0 0 0 0 1 2 0 6 
+2.796535e+01 +2.799409e+01 99184000  -1 13271885 5 9005963 1 6 11702 3 99184000  0 8527571 0 3714633 1 2 0 6 99184000  0 0 0 0 1 2 0 6 99184000  0 0 0 0 1 2 0 6 
+2.796535e+01 +2.799409e+01 99187992  -1 13274013 5 9010591 1 6 11702 3 99187992  0 8512433 0 3731213 1 2 0 6 99187992  0 0 0 0 1 2 0 6 99187992  0 0 0 0 1 2 0 6 
+2.796535e+01 +2.799409e+01 99191992  -1 13276453 5 9013593 1 6 11702 3 99191992  0 8500985 0 3740659 1 2 0 6 99191992  0 0 0 0 1 2 0 6 99191992  0 0 0 0 1 2 0 6 
+2.796535e+01 +2.799409e+01 99195992  -1 13282773 5 9021349 1 6 11702 3 99195992  0 8528635 0 3761993 1 2 0 6 99195992  0 0 0 0 1 2 0 6 99195992  0 0 0 0 1 2 0 6 
+2.796535e+01 +2.799409e+01 99199992  -1 13285651 5 9024287 1 6 11702 3 99199992  0 8508179 0 3757801 1 2 0 6 99199992  0 0 0 0 1 2 0 6 99199992  0 0 0 0 1 2 0 6 
+2.796535e+01 +2.799409e+01 99204000  -1 13285151 5 9024225 1 6 11702 3 99204000  0 8509117 0 3766123 1 2 0 6 99204000  0 0 0 0 1 2 0 6 99204000  0 0 0 0 1 2 0 6 
+2.796535e+01 +2.799409e+01 99208000  -1 13293285 5 9031605 1 6 11702 3 99208000  0 8522755 0 3776945 1 2 0 6 99208000  0 0 0 0 1 2 0 6 99208000  0 0 0 0 1 2 0 6 
+2.796535e+01 +2.799409e+01 99212000  -1 13299231 5 9034859 1 6 11702 3 99212000  0 8522003 0 3773379 1 2 0 6 99212000  0 0 0 0 1 2 0 6 99212000  0 0 0 0 1 2 0 6 
+2.796535e+01 +2.799409e+01 99215992  -1 13305051 5 9041237 1 6 11702 3 99215992  0 8515311 0 3734779 1 2 0 6 99215992  0 0 0 0 1 2 0 6 99215992  0 0 0 0 1 2 0 6 
+2.796535e+01 +2.799409e+01 99219992  -1 13307867 5 9042551 1 6 11702 3 99219992  0 8518501 0 3738595 1 2 0 6 99219992  0 0 0 0 1 2 0 6 99219992  0 0 0 0 1 2 0 6 
+2.796535e+01 +2.799409e+01 99223992  -1 13306865 5 9048243 1 6 11702 3 99223992  0 8511119 0 3750107 1 2 0 6 99223992  0 0 0 0 1 2 0 6 99223992  0 0 0 0 1 2 0 6 
+2.796535e+01 +2.799409e+01 99227992  -1 13314875 5 9047117 1 6 11702 3 99227992  0 8510119 0 3752483 1 2 0 6 99227992  0 0 0 0 1 2 0 6 99227992  0 0 0 0 1 2 0 6 
+2.796535e+01 +2.799409e+01 99231992  -1 13315125 5 9062379 1 6 11702 3 99231992  0 8511807 0 3785641 1 2 0 6 99231992  0 0 0 0 1 2 0 6 99231992  0 0 0 0 1 2 0 6 
+2.796535e+01 +2.799409e+01 99236000  -1 13318941 5 9063003 1 6 11702 3 99236000  0 8511745 0 3718699 1 2 0 6 99236000  0 0 0 0 1 2 0 6 99236000  0 0 0 0 1 2 0 6 
+2.796535e+01 +2.799409e+01 99240000  -1 13321069 5 9062253 1 6 11702 3 99240000  0 8504051 0 3690985 1 2 0 6 99240000  0 0 0 0 1 2 0 6 99240000  0 0 0 0 1 2 0 6 
+2.796535e+01 +2.799409e+01 99243992  -1 13323447 5 9065193 1 6 11702 3 99243992  0 8490477 0 3715571 1 2 0 6 99243992  0 0 0 0 1 2 0 6 99243992  0 0 0 0 1 2 0 6 
+2.796535e+01 +2.799409e+01 99247992  -1 13327639 5 9064505 1 6 11702 3 99247992  0 8500485 0 3778885 1 2 0 6 99247992  0 0 0 0 1 2 0 6 99247992  0 0 0 0 1 2 0 6 
+2.796535e+01 +2.799409e+01 99251992  -1 13333835 5 9078389 1 6 11702 3 99251992  0 8506741 0 3743849 1 2 0 6 99251992  0 0 0 0 1 2 0 6 99251992  0 0 0 0 1 2 0 6 
+2.796774e+01 +2.799409e+01 99255992  -1 13334335 5 9082643 1 6 11702 3 99255992  0 8523443 0 3740535 1 2 0 6 99255992  0 0 0 0 1 2 0 6 99255992  0 0 0 0 1 2 0 6 
+2.796774e+01 +2.799409e+01 99259992  -1 13341407 5 9081705 1 6 11702 3 99259992  0 8514935 0 3765935 1 2 0 6 99259992  0 0 0 0 1 2 0 6 99259992  0 0 0 0 1 2 0 6 
+2.796774e+01 +2.799409e+01 99263992  -1 13346099 5 9090085 1 6 11702 3 99263992  0 8510307 0 3720889 1 2 0 6 99263992  0 0 0 0 1 2 0 6 99263992  0 0 0 0 1 2 0 6 
+2.796774e+01 +2.799409e+01 99268000  -1 13348353 5 9094777 1 6 11702 3 99268000  0 8504927 0 3738281 1 2 0 6 99268000  0 0 0 0 1 2 0 6 99268000  0 0 0 0 1 2 0 6 
+2.796774e+01 +2.799409e+01 99272000  -1 13353295 5 9096465 1 6 11702 3 99272000  0 8489977 0 3714571 1 2 0 6 99272000  0 0 0 0 1 2 0 6 99272000  0 0 0 0 1 2 0 6 
+2.796774e+01 +2.799409e+01 99275992  -1 13360117 5 9103471 1 6 11702 3 99275992  0 8499047 0 3739845 1 2 0 6 99275992  0 0 0 0 1 2 0 6 99275992  0 0 0 0 1 2 0 6 
+2.796774e+01 +2.799409e+01 99279992  -1 13364497 5 9102345 1 6 11702 3 99279992  0 8477903 0 3700995 1 2 0 6 99279992  0 0 0 0 1 2 0 6 99279992  0 0 0 0 1 2 0 6 
+2.796774e+01 +2.799409e+01 99283992  -1 13370503 5 9102719 1 6 11702 3 99283992  0 8494855 0 3742599 1 2 0 6 99283992  0 0 0 0 1 2 0 6 99283992  0 0 0 0 1 2 0 6 
+2.796774e+01 +2.799409e+01 99287992  -1 13373633 5 9113289 1 6 11702 3 99287992  0 8497045 0 3741347 1 2 0 6 99287992  0 0 0 0 1 2 0 6 99287992  0 0 0 0 1 2 0 6 
+2.796774e+01 +2.799409e+01 99291992  -1 13380453 5 9112665 1 6 11702 3 99291992  0 8493855 0 3707813 1 2 0 6 99291992  0 0 0 0 1 2 0 6 99291992  0 0 0 0 1 2 0 6 
+2.796774e+01 +2.799409e+01 99296000  -1 13383207 5 9116605 1 6 11702 3 99296000  0 8490601 0 3690797 1 2 0 6 99296000  0 0 0 0 1 2 0 6 99296000  0 0 0 0 1 2 0 6 
+2.796774e+01 +2.799409e+01 99300000  -1 13385335 5 9122483 1 6 11702 3 99300000  0 8490601 0 3722641 1 2 0 6 99300000  0 0 0 0 1 2 0 6 99300000  0 0 0 0 1 2 0 6 
+2.796774e+01 +2.799409e+01 99303992  -1 13389339 5 9118355 1 6 11702 3 99303992  0 8470585 0 3652947 1 2 0 6 99303992  0 0 0 0 1 2 0 6 99303992  0 0 0 0 1 2 0 6 
+2.796774e+01 +2.799409e+01 99307992  -1 13392655 5 9124111 1 6 11702 3 99307992  0 8519627 0 3727647 1 2 0 6 99307992  0 0 0 0 1 2 0 6 99307992  0 0 0 0 1 2 0 6 
+2.796774e+01 +2.799409e+01 99311992  -1 13399665 5 9129677 1 6 11702 3 99311992  0 8499297 0 3716323 1 2 0 6 99311992  0 0 0 0 1 2 0 6 99311992  0 0 0 0 1 2 0 6 
+2.796774e+01 +2.799409e+01 99315992  -1 13398537 5 9135431 1 6 11702 3 99315992  0 8494543 0 3700181 1 2 0 6 99315992  0 0 0 0 1 2 0 6 99315992  0 0 0 0 1 2 0 6 
+2.796774e+01 +2.799409e+01 99319992  -1 13405295 5 9136119 1 6 11702 3 99319992  0 8493479 0 3657451 1 2 0 6 99319992  0 0 0 0 1 2 0 6 99319992  0 0 0 0 1 2 0 6 
+2.796774e+01 +2.799409e+01 99323992  -1 13409551 5 9143999 1 6 11702 3 99323992  0 8521815 0 3776133 1 2 0 6 99323992  0 0 0 0 1 2 0 6 99323992  0 0 0 0 1 2 0 6 
+2.796774e+01 +2.799409e+01 99328000  -1 13415433 5 9151881 1 6 11702 3 99328000  0 8508805 0 3731963 1 2 0 6 99328000  0 0 0 0 1 2 0 6 99328000  0 0 0 0 1 2 0 6 
+2.796774e+01 +2.799409e+01 99331992  -1 13417373 5 9155507 1 6 11702 3 99331992  0 8502175 0 3700493 1 2 0 6 99331992  0 0 0 0 1 2 0 6 99331992  0 0 0 0 1 2 0 6 
+2.796774e+01 +2.799409e+01 99335992  -1 13420377 5 9165077 1 6 11702 3 99335992  0 8508555 0 3724017 1 2 0 6 99335992  0 0 0 0 1 2 0 6 99335992  0 0 0 0 1 2 0 6 
+2.796774e+01 +2.799409e+01 99339992  0 3382683 5 9162825 1 6 11702 3 99339992  0 8490351 0 3652195 1 2 0 6 99339992  0 0 0 0 1 2 0 6 99339992  0 0 0 0 1 2 0 6 
+2.796774e+01 +2.799409e+01 99343992  0 3384687 5 9169519 1 6 11702 3 99343992  0 8479091 0 3744351 1 2 0 6 99343992  0 0 0 0 1 2 0 6 99343992  0 0 0 0 1 2 0 6 
+2.796774e+01 +2.799409e+01 99347992  0 3393571 5 9174959 1 6 11702 3 99347992  0 8507991 0 3748667 1 2 0 6 99347992  0 0 0 0 1 2 0 6 99347992  0 0 0 0 1 2 0 6 
+2.796774e+01 +2.799409e+01 99351992  0 3394573 5 9183529 1 6 11702 3 99351992  0 8502549 0 3708251 1 2 0 6 99351992  0 0 0 0 1 2 0 6 99351992  0 0 0 0 1 2 0 6 
+2.796774e+01 +2.799409e+01 99355992  0 3397327 5 9179337 1 6 11702 3 99355992  0 8494855 0 3726019 1 2 0 6 99355992  0 0 0 0 1 2 0 6 99355992  0 0 0 0 1 2 0 6 
+2.796774e+01 +2.799409e+01 99359992  0 3401707 5 9185529 1 6 11702 3 99359992  0 8517249 0 3751733 1 2 0 6 99359992  0 0 0 0 1 2 0 6 99359992  0 0 0 0 1 2 0 6 
+2.796774e+01 +2.799409e+01 99363992  0 3409529 5 9191785 1 6 11702 3 99363992  0 8515123 0 3685479 1 2 0 6 99363992  0 0 0 0 1 2 0 6 99363992  0 0 0 0 1 2 0 6 
+2.796774e+01 +2.799409e+01 99367992  0 3412719 5 9191471 1 6 11702 3 99367992  0 8513559 0 3751483 1 2 0 6 99367992  0 0 0 0 1 2 0 6 99367992  0 0 0 0 1 2 0 6 
+2.796774e+01 +2.799409e+01 99371992  0 3414347 5 9198915 1 6 11702 3 99371992  0 8502299 0 3696927 1 2 0 6 99371992  0 0 0 0 1 2 0 6 99371992  0 0 0 0 1 2 0 6 
+2.796774e+01 +2.799409e+01 99375992  0 3423171 5 9212175 1 6 11702 3 99375992  0 8517937 0 3704373 1 2 0 6 99375992  0 0 0 0 1 2 0 6 99375992  0 0 0 0 1 2 0 6 
+2.798451e+01 +2.799409e+01 99379992  0 3423295 5 9217991 1 6 11702 3 99379992  0 8527007 0 3754987 1 2 0 6 99379992  0 0 0 0 1 2 0 6 99379992  0 0 0 0 1 2 0 6 
+2.798451e+01 +2.799409e+01 99383992  0 3430805 5 9213299 1 6 11702 3 99383992  0 8521003 0 3758427 1 2 0 6 99383992  0 0 0 0 1 2 0 6 99383992  0 0 0 0 1 2 0 6 
+2.798451e+01 +2.799409e+01 99387992  0 3432995 5 9218053 1 6 11702 3 99387992  0 8516373 0 3690735 1 2 0 6 99387992  0 0 0 0 1 2 0 6 99387992  0 0 0 0 1 2 0 6 
+2.798451e+01 +2.799409e+01 99391992  0 3441067 5 9223495 1 6 11702 3 99391992  0 8500485 0 3757865 1 2 0 6 99391992  0 0 0 0 1 2 0 6 99391992  0 0 0 0 1 2 0 6 
+2.798451e+01 +2.799409e+01 99395992  0 3444321 5 9233815 1 6 11702 3 99395992  0 8508305 0 3770815 1 2 0 6 99395992  0 0 0 0 1 2 0 6 99395992  0 0 0 0 1 2 0 6 
+2.798451e+01 +2.799409e+01 99399992  0 3446823 5 9235191 1 6 11702 3 99399992  0 8507429 0 3736531 1 2 0 6 99399992  0 0 0 0 1 2 0 6 99399992  0 0 0 0 1 2 0 6 
+2.798451e+01 +2.799409e+01 99403992  0 3452205 5 9242947 1 6 11702 3 99403992  0 8515123 0 3765497 1 2 0 6 99403992  0 0 0 0 1 2 0 6 99403992  0 0 0 0 1 2 0 6 
+2.798451e+01 +2.799409e+01 99407992  0 3457649 5 9242321 1 6 11702 3 99407992  0 8492853 0 3699555 1 2 0 6 99407992  0 0 0 0 1 2 0 6 99407992  0 0 0 0 1 2 0 6 
+2.798451e+01 +2.799409e+01 99411992  0 3460903 5 9245573 1 6 11702 3 99411992  0 8509681 0 3734215 1 2 0 6 99411992  0 0 0 0 1 2 0 6 99411992  0 0 0 0 1 2 0 6 
+2.798451e+01 +2.799409e+01 99415984  0 3462717 5 9256143 1 6 11702 3 99415984  0 8485597 0 3703935 1 2 0 6 99415984  0 0 0 0 1 2 0 6 99415984  0 0 0 0 1 2 0 6 
+2.798451e+01 +2.799409e+01 99419992  0 3469163 5 9255955 1 6 11702 3 99419992  0 8498797 0 3733715 1 2 0 6 99419992  0 0 0 0 1 2 0 6 99419992  0 0 0 0 1 2 0 6 
+2.798451e+01 +2.799409e+01 99423992  0 3473793 5 9267151 1 6 11702 3 99423992  0 8490539 0 3732901 1 2 0 6 99423992  0 0 0 0 1 2 0 6 99423992  0 0 0 0 1 2 0 6 
+2.798451e+01 +2.799409e+01 99427992  0 3478299 5 9267089 1 6 11702 3 99427992  0 8489163 0 3768061 1 2 0 6 99427992  0 0 0 0 1 2 0 6 99427992  0 0 0 0 1 2 0 6 
+2.798451e+01 +2.799409e+01 99431992  0 3486183 5 9267715 1 6 11702 3 99431992  0 8509931 0 3750545 1 2 0 6 99431992  0 0 0 0 1 2 0 6 99431992  0 0 0 0 1 2 0 6 
+2.798451e+01 +2.799409e+01 99435992  0 3487309 5 9281349 1 6 11702 3 99435992  0 8504427 0 3744163 1 2 0 6 99435992  0 0 0 0 1 2 0 6 99435992  0 0 0 0 1 2 0 6 
+2.798451e+01 +2.799409e+01 99439992  0 3493441 5 9289167 1 6 11702 3 99439992  0 8499171 0 3715571 1 2 0 6 99439992  0 0 0 0 1 2 0 6 99439992  0 0 0 0 1 2 0 6 
+2.798451e+01 +2.799409e+01 99443984  0 3499637 5 9293545 1 6 11702 3 99443984  0 8477529 0 3683727 1 2 0 6 99443984  0 0 0 0 1 2 0 6 99443984  0 0 0 0 1 2 0 6 
+2.798451e+01 +2.799409e+01 99447984  0 3503455 5 9291919 1 6 11702 3 99447984  0 8517249 0 3715821 1 2 0 6 99447984  0 0 0 0 1 2 0 6 99447984  0 0 0 0 1 2 0 6 
+2.798451e+01 +2.799409e+01 99451992  0 3508209 5 9300863 1 6 11702 3 99451992  0 8499609 0 3699367 1 2 0 6 99451992  0 0 0 0 1 2 0 6 99451992  0 0 0 0 1 2 0 6 
+2.798451e+01 +2.799409e+01 99455992  0 3515907 5 9304179 1 6 11702 3 99455992  0 8505239 0 3735591 1 2 0 6 99455992  0 0 0 0 1 2 0 6 99455992  0 0 0 0 1 2 0 6 
+2.798451e+01 +2.799409e+01 99459992  0 3519411 5 9311683 1 6 11702 3 99459992  0 8524443 0 3772315 1 2 0 6 99459992  0 0 0 0 1 2 0 6 99459992  0 0 0 0 1 2 0 6 
+2.798451e+01 +2.799409e+01 99463992  0 3523353 5 9318251 1 6 11702 3 99463992  0 8513685 0 3712881 1 2 0 6 99463992  0 0 0 0 1 2 0 6 99463992  0 0 0 0 1 2 0 6 
+2.798451e+01 +2.799409e+01 99467992  0 3534491 5 9317939 1 6 11702 3 99467992  0 8506553 0 3704311 1 2 0 6 99467992  0 0 0 0 1 2 0 6 99467992  0 0 0 0 1 2 0 6 
+2.798451e+01 +2.799409e+01 99471984  0 3536493 5 9323755 1 6 11702 3 99471984  0 8501423 0 3695865 1 2 0 6 99471984  0 0 0 0 1 2 0 6 99471984  0 0 0 0 1 2 0 6 
+2.798451e+01 +2.799409e+01 99475984  0 3544941 5 9326945 1 6 11702 3 99475984  0 8488537 0 3697053 1 2 0 6 99475984  0 0 0 0 1 2 0 6 99475984  0 0 0 0 1 2 0 6 
+2.798451e+01 +2.799409e+01 99479992  0 3545881 5 9332387 1 6 11702 3 99479992  0 8528759 0 3741723 1 2 0 6 99479992  0 0 0 0 1 2 0 6 99479992  0 0 0 0 1 2 0 6 
+2.798451e+01 +2.799409e+01 99483992  0 3546317 5 9341205 1 6 11702 3 99483992  0 8516249 0 3691047 1 2 0 6 99483992  0 0 0 0 1 2 0 6 99483992  0 0 0 0 1 2 0 6 
+2.798451e+01 +2.799409e+01 99487992  0 3552325 5 9338891 1 6 11702 3 99487992  0 8510995 0 3719013 1 2 0 6 99487992  0 0 0 0 1 2 0 6 99487992  0 0 0 0 1 2 0 6 
+2.798451e+01 +2.799409e+01 99491992  0 3555579 5 9356467 1 6 11702 3 99491992  0 8524505 0 3763619 1 2 0 6 99491992  0 0 0 0 1 2 0 6 99491992  0 0 0 0 1 2 0 6 
+2.798451e+01 +2.799409e+01 99495992  0 3561085 5 9351275 1 6 11702 3 99495992  0 8522253 0 3757051 1 2 0 6 99495992  0 0 0 0 1 2 0 6 99495992  0 0 0 0 1 2 0 6 
+2.798451e+01 +2.799409e+01 99499984  0 3568783 5 9361345 1 6 11702 3 99499984  0 8508367 0 3661267 1 2 0 6 99499984  0 0 0 0 1 2 0 6 99499984  0 0 0 0 1 2 0 6 
+2.798451e+01 +2.799409e+01 99503984  0 3571473 5 9368349 1 6 11702 3 99503984  0 8514811 0 3753735 1 2 0 6 99503984  0 0 0 0 1 2 0 6 99503984  0 0 0 0 1 2 0 6 
+2.798451e+01 +2.799409e+01 99507984  0 3576103 5 9368663 1 6 11702 3 99507984  0 8508117 0 3728773 1 2 0 6 99507984  0 0 0 0 1 2 0 6 99507984  0 0 0 0 1 2 0 6 
+2.798451e+01 +2.799409e+01 99511992  0 3578357 5 9374791 1 6 11702 3 99511992  0 8494667 0 3640183 1 2 0 6 99511992  0 0 0 0 1 2 0 6 99511992  0 0 0 0 1 2 0 6 
+2.798451e+01 +2.799409e+01 99515992  0 3588307 5 9381047 1 6 11702 3 99515992  0 8504927 0 3704561 1 2 0 6 99515992  0 0 0 0 1 2 0 6 99515992  0 0 0 0 1 2 0 6 
+2.798451e+01 +2.799409e+01 99519992  0 3597443 5 9392055 1 6 11702 3 99519992  0 8521315 0 3740597 1 2 0 6 99519992  0 0 0 0 1 2 0 6 99519992  0 0 0 0 1 2 0 6 
+2.798451e+01 +2.799409e+01 99523992  0 3600321 5 9397559 1 6 11702 3 99523992  0 8522505 0 3693863 1 2 0 6 99523992  0 0 0 0 1 2 0 6 99523992  0 0 0 0 1 2 0 6 
+2.798451e+01 +2.799409e+01 99527984  0 3606953 5 9402499 1 6 11702 3 99527984  0 8497921 0 3703309 1 2 0 6 99527984  0 0 0 0 1 2 0 6 99527984  0 0 0 0 1 2 0 6 
+2.798451e+01 +2.799409e+01 99531984  0 3613711 5 9409317 1 6 11702 3 99531984  0 8500797 0 3725769 1 2 0 6 99531984  0 0 0 0 1 2 0 6 99531984  0 0 0 0 1 2 0 6 
+2.798451e+01 +2.799409e+01 99535984  0 3621597 5 9413695 1 6 11702 3 99535984  0 8502799 0 3702871 1 2 0 6 99535984  0 0 0 0 1 2 0 6 99535984  0 0 0 0 1 2 0 6 
+2.798451e+01 +2.799409e+01 99539984  0 3625101 5 9415071 1 6 11702 3 99539984  0 8503301 0 3754047 1 2 0 6 99539984  0 0 0 0 1 2 0 6 99539984  0 0 0 0 1 2 0 6 
+2.798451e+01 +2.799409e+01 99543992  0 3629105 5 9421639 1 6 11702 3 99543992  0 8508179 0 3706937 1 2 0 6 99543992  0 0 0 0 1 2 0 6 99543992  0 0 0 0 1 2 0 6 
+2.798451e+01 +2.799409e+01 99547992  0 3634675 5 9425517 1 6 11702 3 99547992  0 8509367 0 3712945 1 2 0 6 99547992  0 0 0 0 1 2 0 6 99547992  0 0 0 0 1 2 0 6 
+2.798451e+01 +2.799409e+01 99551992  0 3638491 5 9433773 1 6 11702 3 99551992  0 8488099 0 3682789 1 2 0 6 99551992  0 0 0 0 1 2 0 6 99551992  0 0 0 0 1 2 0 6 
+2.798451e+01 +2.799409e+01 99555992  0 3647315 5 9437651 1 6 11702 3 99555992  0 8499235 0 3728647 1 2 0 6 99555992  0 0 0 0 1 2 0 6 99555992  0 0 0 0 1 2 0 6 
+2.798451e+01 +2.799409e+01 99559984  0 3651757 5 9446093 1 6 11702 3 99559984  0 8523317 0 3713695 1 2 0 6 99559984  0 0 0 0 1 2 0 6 99559984  0 0 0 0 1 2 0 6 
+2.798451e+01 +2.799409e+01 99563984  0 3657515 5 9451535 1 6 11702 3 99563984  0 8516749 0 3764183 1 2 0 6 99563984  0 0 0 0 1 2 0 6 99563984  0 0 0 0 1 2 0 6 
+2.798451e+01 +2.799409e+01 99567984  0 3663459 5 9457039 1 6 11702 3 99567984  0 8517063 0 3735341 1 2 0 6 99567984  0 0 0 0 1 2 0 6 99567984  0 0 0 0 1 2 0 6 
+2.798451e+01 +2.799409e+01 99571984  0 3666713 5 9464045 1 6 11702 3 99571984  0 8526507 0 3695989 1 2 0 6 99571984  0 0 0 0 1 2 0 6 99571984  0 0 0 0 1 2 0 6 
+2.798451e+01 +2.799409e+01 99575992  0 3670717 5 9473675 1 6 11702 3 99575992  0 8511369 0 3721703 1 2 0 6 99575992  0 0 0 0 1 2 0 6 99575992  0 0 0 0 1 2 0 6 
+2.798451e+01 +2.799409e+01 99579992  0 3675599 5 9476803 1 6 11702 3 99579992  0 8514185 0 3729397 1 2 0 6 99579992  0 0 0 0 1 2 0 6 99579992  0 0 0 0 1 2 0 6 
+2.798451e+01 +2.799409e+01 99583992  0 3686049 5 9491565 1 6 11702 3 99583992  0 8513121 0 3732089 1 2 0 6 99583992  0 0 0 0 1 2 0 6 99583992  0 0 0 0 1 2 0 6 
+2.798451e+01 +2.799409e+01 99587984  0 3688301 5 9495067 1 6 11702 3 99587984  0 8515999 0 3731587 1 2 0 6 99587984  0 0 0 0 1 2 0 6 99587984  0 0 0 0 1 2 0 6 
+2.798451e+01 +2.799409e+01 99591984  0 3689615 5 9494441 1 6 11702 3 99591984  0 8507491 0 3719201 1 2 0 6 99591984  0 0 0 0 1 2 0 6 99591984  0 0 0 0 1 2 0 6 
+2.798451e+01 +2.799409e+01 99595984  0 3700379 5 9506263 1 6 11702 3 99595984  0 8542835 0 3629423 1 2 0 6 99595984  0 0 0 0 1 2 0 6 99595984  0 0 0 0 1 2 0 6 
+2.798451e+01 +2.799409e+01 99599984  0 3701191 5 9508513 1 6 11702 3 99599984  0 8521941 0 3752547 1 2 0 6 99599984  0 0 0 0 1 2 0 6 99599984  0 0 0 0 1 2 0 6 
+2.798451e+01 +2.799409e+01 99603992  0 3709639 5 9514393 1 6 11702 3 99603992  0 8509367 0 3756487 1 2 0 6 99603992  0 0 0 0 1 2 0 6 99603992  0 0 0 0 1 2 0 6 
+2.798451e+01 +2.799409e+01 99607992  0 3715145 5 9533219 1 6 11702 3 99607992  0 8532075 0 3620539 1 2 0 6 99607992  0 0 0 0 1 2 0 6 99607992  0 0 0 0 1 2 0 6 
+2.798451e+01 +2.799409e+01 99611992  0 3725345 5 9532343 1 6 11702 3 99611992  0 8544335 0 3658013 1 2 0 6 99611992  0 0 0 0 1 2 0 6 99611992  0 0 0 0 1 2 0 6 
+2.798451e+01 +2.799409e+01 99615984  0 3726847 5 9532907 1 6 11702 3 99615984  0 8542583 0 3766497 1 2 0 6 99615984  0 0 0 0 1 2 0 6 99615984  0 0 0 0 1 2 0 6 
+2.798451e+01 +2.799409e+01 99619984  0 3733417 5 9542477 1 6 11702 3 99619984  0 8536891 0 3798343 1 2 0 6 99619984  0 0 0 0 1 2 0 6 99619984  0 0 0 0 1 2 0 6 
+2.798451e+01 +2.799409e+01 99623984  0 3736673 5 9547979 1 6 11702 3 99623984  0 8522941 0 3795215 1 2 0 6 99623984  0 0 0 0 1 2 0 6 99623984  0 0 0 0 1 2 0 6 
+2.798451e+01 +2.799409e+01 99627984  0 3745933 5 9554047 1 6 11702 3 99627984  0 8522505 0 3779011 1 2 0 6 99627984  0 0 0 0 1 2 0 6 99627984  0 0 0 0 1 2 0 6 
+2.798451e+01 +2.799409e+01 99631984  0 3750439 5 9558049 1 6 11702 3 99631984  0 8523505 0 3775695 1 2 0 6 99631984  0 0 0 0 1 2 0 6 99631984  0 0 0 0 1 2 0 6 
+2.799409e+01 +2.799409e+01 99635992  0 3756883 5 9562115 1 6 11702 3 99635992  0 8528759 0 3757927 1 2 0 6 99635992  0 0 0 0 1 2 0 6 99635992  0 0 0 0 1 2 0 6 
+2.799409e+01 +2.799409e+01 99639992  0 3762203 5 9566431 1 6 11702 3 99639992  0 8525069 0 3785767 1 2 0 6 99639992  0 0 0 0 1 2 0 6 99639992  0 0 0 0 1 2 0 6 
+2.799409e+01 +2.799409e+01 99643984  0 3769837 5 9577063 1 6 11702 3 99643984  0 8527445 0 3760805 1 2 0 6 99643984  0 0 0 0 1 2 0 6 99643984  0 0 0 0 1 2 0 6 
+2.799409e+01 +2.799409e+01 99647984  0 3775469 5 9585695 1 6 11702 3 99647984  0 8511119 0 3749231 1 2 0 6 99647984  0 0 0 0 1 2 0 6 99647984  0 0 0 0 1 2 0 6 
+2.799409e+01 +2.799409e+01 99651984  0 3783353 5 9590823 1 6 11702 3 99651984  0 8501987 0 3744725 1 2 0 6 99651984  0 0 0 0 1 2 0 6 99651984  0 0 0 0 1 2 0 6 
+2.799409e+01 +2.799409e+01 99655984  0 3788609 5 9597265 1 6 11702 3 99655984  0 8507115 0 3712507 1 2 0 6 99655984  0 0 0 0 1 2 0 6 99655984  0 0 0 0 1 2 0 6 
+2.799409e+01 +2.799409e+01 99659984  0 3793677 5 9602519 1 6 11702 3 99659984  0 8514811 0 3715635 1 2 0 6 99659984  0 0 0 0 1 2 0 6 99659984  0 0 0 0 1 2 0 6 
+2.799409e+01 +2.799409e+01 99663984  0 3797119 5 9611713 1 6 11702 3 99663984  0 8508555 0 3724017 1 2 0 6 99663984  0 0 0 0 1 2 0 6 99663984  0 0 0 0 1 2 0 6 
+2.799409e+01 +2.799409e+01 99667992  0 3806067 5 9619781 1 6 11702 3 99667992  0 8515123 0 3753109 1 2 0 6 99667992  0 0 0 0 1 2 0 6 99667992  0 0 0 0 1 2 0 6 
+2.799409e+01 +2.799409e+01 99671984  0 3814141 5 9631853 1 6 11702 3 99671984  0 8516999 0 3746541 1 2 0 6 99671984  0 0 0 0 1 2 0 6 99671984  0 0 0 0 1 2 0 6 
+2.799409e+01 +2.799409e+01 99675984  0 3819209 5 9638607 1 6 11702 3 99675984  0 8524943 0 3778635 1 2 0 6 99675984  0 0 0 0 1 2 0 6 99675984  0 0 0 0 1 2 0 6 
+2.799409e+01 +2.799409e+01 99679984  0 3824653 5 9640547 1 6 11702 3 99679984  0 8517125 0 3741847 1 2 0 6 99679984  0 0 0 0 1 2 0 6 99679984  0 0 0 0 1 2 0 6 
+2.799409e+01 +2.799409e+01 99683984  0 3841173 5 9652305 1 6 11702 3 99683984  0 8511307 0 3574305 1 2 0 6 99683984  0 0 0 0 1 2 0 6 99683984  0 0 0 0 1 2 0 6 
+2.799409e+01 +2.799409e+01 99687984  0 3840735 5 9654869 1 6 11702 3 99687984  0 8502111 0 3733527 1 2 0 6 99687984  0 0 0 0 1 2 0 6 99687984  0 0 0 0 1 2 0 6 
+2.799409e+01 +2.799409e+01 99691984  0 3850183 5 9659185 1 6 11702 3 99691984  0 8524443 0 3701433 1 2 0 6 99691984  0 0 0 0 1 2 0 6 99691984  0 0 0 0 1 2 0 6 
+2.799409e+01 +2.799409e+01 99695984  0 3854375 5 9671633 1 6 11702 3 99695984  0 8530385 0 3675719 1 2 0 6 99695984  0 0 0 0 1 2 0 6 99695984  0 0 0 0 1 2 0 6 
+2.799409e+01 +2.799409e+01 99699984  0 3859131 5 9678699 1 6 11702 3 99699984  0 8526195 0 3734153 1 2 0 6 99699984  0 0 0 0 1 2 0 6 99699984  0 0 0 0 1 2 0 6 
+2.799409e+01 +2.799409e+01 99703984  0 3862073 5 9693085 1 6 11702 3 99703984  0 8507617 0 3743349 1 2 0 6 99703984  0 0 0 0 1 2 0 6 99703984  0 0 0 0 1 2 0 6 
+2.799409e+01 +2.799409e+01 99707984  0 3876403 5 9691209 1 6 11702 3 99707984  0 8521003 0 3698555 1 2 0 6 99707984  0 0 0 0 1 2 0 6 99707984  0 0 0 0 1 2 0 6 
+2.799409e+01 +2.799409e+01 99711984  0 3882911 5 9698901 1 6 11702 3 99711984  0 8528821 0 3733777 1 2 0 6 99711984  0 0 0 0 1 2 0 6 99711984  0 0 0 0 1 2 0 6 
+2.799409e+01 +2.799409e+01 99715984  0 3890419 5 9708971 1 6 11702 3 99715984  0 8529509 0 3609715 1 2 0 6 99715984  0 0 0 0 1 2 0 6 99715984  0 0 0 0 1 2 0 6 
+2.799409e+01 +2.799409e+01 99719984  0 3891107 5 9715039 1 6 11702 3 99719984  0 8512057 0 3676971 1 2 0 6 99719984  0 0 0 0 1 2 0 6 99719984  0 0 0 0 1 2 0 6 
+2.799409e+01 +2.799409e+01 99723984  0 3897303 5 9725859 1 6 11702 3 99723984  0 8508805 0 3747917 1 2 0 6 99723984  0 0 0 0 1 2 0 6 99723984  0 0 0 0 1 2 0 6 
+2.799409e+01 +2.799409e+01 99727984  0 3903185 5 9727985 1 6 11702 3 99727984  0 8530449 0 3745039 1 2 0 6 99727984  0 0 0 0 1 2 0 6 99727984  0 0 0 0 1 2 0 6 
+2.799409e+01 +2.799409e+01 99731984  0 3913635 5 9738619 1 6 11702 3 99731984  0 8521629 0 3693987 1 2 0 6 99731984  0 0 0 0 1 2 0 6 99731984  0 0 0 0 1 2 0 6 
+2.799409e+01 +2.799409e+01 99735984  0 3921957 5 9748501 1 6 11702 3 99735984  0 8500547 0 3720389 1 2 0 6 99735984  0 0 0 0 1 2 0 6 99735984  0 0 0 0 1 2 0 6 
+2.799409e+01 +2.799409e+01 99739984  0 3925523 5 9759007 1 6 11702 3 99739984  0 8523129 0 3713569 1 2 0 6 99739984  0 0 0 0 1 2 0 6 99739984  0 0 0 0 1 2 0 6 
+2.799409e+01 +2.799409e+01 99743984  0 3936287 5 9765513 1 6 11702 3 99743984  0 8511745 0 3680161 1 2 0 6 99743984  0 0 0 0 1 2 0 6 99743984  0 0 0 0 1 2 0 6 
+2.799409e+01 +2.799409e+01 99747984  0 3940417 5 9770891 1 6 11702 3 99747984  0 8511619 0 3712507 1 2 0 6 99747984  0 0 0 0 1 2 0 6 99747984  0 0 0 0 1 2 0 6 
+2.799409e+01 +2.799409e+01 99751984  0 3948989 5 9780899 1 6 11702 3 99751984  0 8512183 0 3741035 1 2 0 6 99751984  0 0 0 0 1 2 0 6 99751984  0 0 0 0 1 2 0 6 
+2.799409e+01 +2.799409e+01 99755984  0 3956749 5 9789155 1 6 11702 3 99755984  0 8512621 0 3701369 1 2 0 6 99755984  0 0 0 0 1 2 0 6 99755984  0 0 0 0 1 2 0 6 
+2.799409e+01 +2.799409e+01 99759984  0 3963883 5 9799413 1 6 11702 3 99759984  0 8516749 0 3738845 1 2 0 6 99759984  0 0 0 0 1 2 0 6 99759984  0 0 0 0 1 2 0 6 
+2.799409e+01 +2.799890e+01 99763984  0 3968201 5 9810483 1 6 11702 3 99763984  0 8514873 0 3718449 1 2 0 6 99763984  0 0 0 0 1 2 0 6 99763984  0 0 0 0 1 2 0 6 
+2.799409e+01 +2.799890e+01 99767984  0 3978525 5 9819051 1 6 11702 3 99767984  0 8529761 0 3673905 1 2 0 6 99767984  0 0 0 0 1 2 0 6 99767984  0 0 0 0 1 2 0 6 
+2.799409e+01 +2.799890e+01 99771984  0 3984157 5 9829059 1 6 11702 3 99771984  0 8511119 0 3717323 1 2 0 6 99771984  0 0 0 0 1 2 0 6 99771984  0 0 0 0 1 2 0 6 
+2.799409e+01 +2.799890e+01 99775984  0 3989601 5 9833813 1 6 11702 3 99775984  0 8501737 0 3731337 1 2 0 6 99775984  0 0 0 0 1 2 0 6 99775984  0 0 0 0 1 2 0 6 
+2.799409e+01 +2.799890e+01 99779984  0 4000677 5 9851199 1 6 11702 3 99779984  0 8494981 0 3708877 1 2 0 6 99779984  0 0 0 0 1 2 0 6 99779984  0 0 0 0 1 2 0 6 
+2.799409e+01 +2.799890e+01 99783984  0 4004807 5 9855139 1 6 11702 3 99783984  0 8519377 0 3743225 1 2 0 6 99783984  0 0 0 0 1 2 0 6 99783984  0 0 0 0 1 2 0 6 
+2.799409e+01 +2.799890e+01 99787984  0 4011439 5 9868087 1 6 11702 3 99787984  0 8509493 0 3742349 1 2 0 6 99787984  0 0 0 0 1 2 0 6 99787984  0 0 0 0 1 2 0 6 
+2.799409e+01 +2.799890e+01 99791984  0 4022891 5 9874529 1 6 11702 3 99791984  0 8504677 0 3710503 1 2 0 6 99791984  0 0 0 0 1 2 0 6 99791984  0 0 0 0 1 2 0 6 
+2.799409e+01 +2.799890e+01 99795984  0 4030775 5 9884911 1 6 11702 3 99795984  0 8531325 0 3718011 1 2 0 6 99795984  0 0 0 0 1 2 0 6 99795984  0 0 0 0 1 2 0 6 
+2.799409e+01 +2.799890e+01 99799984  0 4035781 5 9887789 1 6 11702 3 99799984  0 8512809 0 3720013 1 2 0 6 99799984  0 0 0 0 1 2 0 6 99799984  0 0 0 0 1 2 0 6 
+2.799409e+01 +2.799890e+01 99803984  0 4043415 5 9901423 1 6 11702 3 99803984  0 8506053 0 3710253 1 2 0 6 99803984  0 0 0 0 1 2 0 6 99803984  0 0 0 0 1 2 0 6 
+2.799409e+01 +2.799890e+01 99807984  0 4052677 5 9910743 1 6 11702 3 99807984  0 8509681 0 3709441 1 2 0 6 99807984  0 0 0 0 1 2 0 6 99807984  0 0 0 0 1 2 0 6 
+2.799409e+01 +2.799890e+01 99811984  0 4063065 5 9922939 1 6 11702 3 99811984  0 8528947 0 3735405 1 2 0 6 99811984  0 0 0 0 1 2 0 6 99811984  0 0 0 0 1 2 0 6 
+2.799409e+01 +2.799890e+01 99815976  0 4069697 5 9931759 1 6 11702 3 99815976  0 8521753 0 3740471 1 2 0 6 99815976  0 0 0 0 1 2 0 6 99815976  0 0 0 0 1 2 0 6 
+2.799409e+01 +2.799890e+01 99819984  0 4076143 5 9937637 1 6 11702 3 99819984  0 8523129 0 3738219 1 2 0 6 99819984  0 0 0 0 1 2 0 6 99819984  0 0 0 0 1 2 0 6 
+2.799409e+01 +2.799890e+01 99823984  0 4085091 5 9946769 1 6 11702 3 99823984  0 8512745 0 3721703 1 2 0 6 99823984  0 0 0 0 1 2 0 6 99823984  0 0 0 0 1 2 0 6 
+2.799409e+01 +2.799890e+01 99827984  0 4093913 5 9957465 1 6 11702 3 99827984  0 8514559 0 3776883 1 2 0 6 99827984  0 0 0 0 1 2 0 6 99827984  0 0 0 0 1 2 0 6 
+2.799409e+01 +2.799890e+01 99831984  0 4102049 5 9959903 1 6 11702 3 99831984  0 8526319 0 3779699 1 2 0 6 99831984  0 0 0 0 1 2 0 6 99831984  0 0 0 0 1 2 0 6 
+2.799409e+01 +2.799890e+01 99835984  0 4111373 5 9978543 1 6 11702 3 99835984  0 8509993 0 3754299 1 2 0 6 99835984  0 0 0 0 1 2 0 6 99835984  0 0 0 0 1 2 0 6 
+2.799409e+01 +2.799890e+01 99839984  0 4122197 5 9985609 1 6 11702 3 99839984  0 8510745 0 3753047 1 2 0 6 99839984  0 0 0 0 1 2 0 6 99839984  0 0 0 0 1 2 0 6 
+2.799409e+01 +2.799890e+01 99843976  0 4130333 5 10000183 1 6 11702 3 99843976  0 8519439 0 3735529 1 2 0 6 99843976  0 0 0 0 1 2 0 6 99843976  0 0 0 0 1 2 0 6 
+2.799409e+01 +2.799890e+01 99847976  0 4133273 5 10004185 1 6 11702 3 99847976  0 8523317 0 3771753 1 2 0 6 99847976  0 0 0 0 1 2 0 6 99847976  0 0 0 0 1 2 0 6 
+2.799409e+01 +2.799890e+01 99851984  0 4145225 5 10019385 1 6 11702 3 99851984  0 8516373 0 3789959 1 2 0 6 99851984  0 0 0 0 1 2 0 6 99851984  0 0 0 0 1 2 0 6 
+2.799409e+01 +2.799890e+01 99855984  0 4154675 5 10032457 1 6 11702 3 99855984  0 8506803 0 3700307 1 2 0 6 99855984  0 0 0 0 1 2 0 6 99855984  0 0 0 0 1 2 0 6 
+2.799409e+01 +2.799890e+01 99859984  0 4162245 5 10047029 1 6 11702 3 99859984  0 8500985 0 3730587 1 2 0 6 99859984  0 0 0 0 1 2 0 6 99859984  0 0 0 0 1 2 0 6 
+2.799409e+01 +2.799890e+01 99863984  0 4169505 5 10054097 1 6 11702 3 99863984  0 8526507 0 3745915 1 2 0 6 99863984  0 0 0 0 1 2 0 6 99863984  0 0 0 0 1 2 0 6 
+2.799409e+01 +2.799890e+01 99867984  0 4180519 5 10068231 1 6 11702 3 99867984  0 8512245 0 3694551 1 2 0 6 99867984  0 0 0 0 1 2 0 6 99867984  0 0 0 0 1 2 0 6 
+2.799409e+01 +2.799890e+01 99871976  0 4188653 5 10075299 1 6 11702 3 99871976  0 8499985 0 3731025 1 2 0 6 99871976  0 0 0 0 1 2 0 6 99871976  0 0 0 0 1 2 0 6 
+2.799409e+01 +2.799890e+01 99875976  0 4197037 5 10092125 1 6 11702 3 99875976  0 8503675 0 3714633 1 2 0 6 99875976  0 0 0 0 1 2 0 6 99875976  0 0 0 0 1 2 0 6 
+2.799409e+01 +2.799890e+01 99879984  0 4204923 5 10108261 1 6 11702 3 99879984  0 8507929 0 3669839 1 2 0 6 99879984  0 0 0 0 1 2 0 6 99879984  0 0 0 0 1 2 0 6 
+2.799409e+01 +2.799890e+01 99883984  0 4213745 5 10119207 1 6 11702 3 99883984  0 8508929 0 3735529 1 2 0 6 99883984  0 0 0 0 1 2 0 6 99883984  0 0 0 0 1 2 0 6 
+2.799409e+01 +2.799890e+01 99887984  0 4222067 5 10133091 1 6 11702 3 99887984  0 8491915 0 3686105 1 2 0 6 99887984  0 0 0 0 1 2 0 6 99887984  0 0 0 0 1 2 0 6 
+2.800371e+01 +2.799890e+01 99891984  0 4231141 5 10142849 1 6 11702 3 99891984  0 8505553 0 3645877 1 2 0 6 99891984  0 0 0 0 1 2 0 6 99891984  0 0 0 0 1 2 0 6 
+2.800371e+01 +2.799890e+01 99895984  0 4240841 5 10155795 1 6 11702 3 99895984  0 8492541 0 3699305 1 2 0 6 99895984  0 0 0 0 1 2 0 6 99895984  0 0 0 0 1 2 0 6 
+2.800371e+01 +2.799890e+01 99899976  0 4249225 5 10160987 1 6 11702 3 99899976  0 8498921 0 3730899 1 2 0 6 99899976  0 0 0 0 1 2 0 6 99899976  0 0 0 0 1 2 0 6 
+2.800371e+01 +2.799890e+01 99903976  0 4261553 5 10172933 1 6 11702 3 99903976  0 8528947 0 3664771 1 2 0 6 99903976  0 0 0 0 1 2 0 6 99903976  0 0 0 0 1 2 0 6 
+2.800371e+01 +2.799890e+01 99907976  0 4270125 5 10184755 1 6 11702 3 99907976  0 8514559 0 3754423 1 2 0 6 99907976  0 0 0 0 1 2 0 6 99907976  0 0 0 0 1 2 0 6 
+2.800371e+01 +2.799890e+01 99911984  0 4275319 5 10197075 1 6 11702 3 99911984  0 8516311 0 3752859 1 2 0 6 99911984  0 0 0 0 1 2 0 6 99911984  0 0 0 0 1 2 0 6 
+2.800371e+01 +2.799890e+01 99915984  0 4286457 5 10219279 1 6 11702 3 99915984  0 8520691 0 3718637 1 2 0 6 99915984  0 0 0 0 1 2 0 6 99915984  0 0 0 0 1 2 0 6 
+2.800371e+01 +2.799890e+01 99919984  0 4293341 5 10219529 1 6 11702 3 99919984  0 8525945 0 3746291 1 2 0 6 99919984  0 0 0 0 1 2 0 6 99919984  0 0 0 0 1 2 0 6 
+2.800371e+01 +2.799890e+01 99923984  0 4302915 5 10230913 1 6 11702 3 99923984  0 8529447 0 3747667 1 2 0 6 99923984  0 0 0 0 1 2 0 6 99923984  0 0 0 0 1 2 0 6 
+2.800371e+01 +2.799890e+01 99927976  0 4315681 5 10248175 1 6 11702 3 99927976  0 8506865 0 3704999 1 2 0 6 99927976  0 0 0 0 1 2 0 6 99927976  0 0 0 0 1 2 0 6 
+2.800371e+01 +2.799890e+01 99931976  0 4321751 5 10261435 1 6 11702 3 99931976  0 8521065 0 3746979 1 2 0 6 99931976  0 0 0 0 1 2 0 6 99931976  0 0 0 0 1 2 0 6 
+2.800371e+01 +2.799890e+01 99935976  0 4331075 5 10279261 1 6 11702 3 99935976  0 8530323 0 3729273 1 2 0 6 99935976  0 0 0 0 1 2 0 6 99935976  0 0 0 0 1 2 0 6 
+2.800371e+01 +2.799890e+01 99939976  0 4343401 5 10290081 1 6 11702 3 99939976  0 8522253 0 3687919 1 2 0 6 99939976  0 0 0 0 1 2 0 6 99939976  0 0 0 0 1 2 0 6 
+2.800371e+01 +2.799890e+01 99943984  0 4351223 5 10297273 1 6 11702 3 99943984  0 8501799 0 3702121 1 2 0 6 99943984  0 0 0 0 1 2 0 6 99943984  0 0 0 0 1 2 0 6 
+2.800371e+01 +2.799890e+01 99947984  0 4357605 5 10315473 1 6 11702 3 99947984  0 8500797 0 3736093 1 2 0 6 99947984  0 0 0 0 1 2 0 6 99947984  0 0 0 0 1 2 0 6 
+2.800371e+01 +2.799890e+01 99951984  0 4372123 5 10328671 1 6 11702 3 99951984  0 8526633 0 3703435 1 2 0 6 99951984  0 0 0 0 1 2 0 6 99951984  0 0 0 0 1 2 0 6 
+2.800371e+01 +2.799890e+01 99955976  0 4376691 5 10344745 1 6 11702 3 99955976  0 8504301 0 3743913 1 2 0 6 99955976  0 0 0 0 1 2 0 6 99955976  0 0 0 0 1 2 0 6 
+2.800371e+01 +2.799890e+01 99959976  0 4383137 5 10362945 1 6 11702 3 99959976  0 8498609 0 3704749 1 2 0 6 99959976  0 0 0 0 1 2 0 6 99959976  0 0 0 0 1 2 0 6 
+2.800371e+01 +2.799890e+01 99963976  0 4399155 5 10374079 1 6 11702 3 99963976  0 8509181 0 3677971 1 2 0 6 99963976  0 0 0 0 1 2 0 6 99963976  0 0 0 0 1 2 0 6 
+2.800371e+01 +2.799890e+01 99967976  0 4412171 5 10391655 1 6 11702 3 99967976  0 8528071 0 3557413 1 2 0 6 99967976  0 0 0 0 1 2 0 6 99967976  0 0 0 0 1 2 0 6 
+2.800371e+01 +2.799890e+01 99971976  0 4417741 5 10404913 1 6 11702 3 99971976  0 8516875 0 3697867 1 2 0 6 99971976  0 0 0 0 1 2 0 6 99971976  0 0 0 0 1 2 0 6 
+2.800371e+01 +2.799890e+01 99975984  0 4425751 5 10418173 1 6 11702 3 99975984  0 8503363 0 3730899 1 2 0 6 99975984  0 0 0 0 1 2 0 6 99975984  0 0 0 0 1 2 0 6 
+2.800371e+01 +2.799890e+01 99979984  0 4434635 5 10431809 1 6 11702 3 99979984  0 8518439 0 3739595 1 2 0 6 99979984  0 0 0 0 1 2 0 6 99979984  0 0 0 0 1 2 0 6 
+2.800371e+01 +2.799890e+01 99983976  0 4445523 5 10454325 1 6 11702 3 99983976  0 8497983 0 3680723 1 2 0 6 99983976  0 0 0 0 1 2 0 6 99983976  0 0 0 0 1 2 0 6 
+2.800371e+01 +2.799890e+01 99987976  0 4458289 5 10462643 1 6 11702 3 99987976  0 8492603 0 3652133 1 2 0 6 99987976  0 0 0 0 1 2 0 6 99987976  0 0 0 0 1 2 0 6 
+2.800371e+01 +2.799890e+01 99991976  0 4468803 5 10479593 1 6 11702 3 99991976  0 8496169 0 3690859 1 2 0 6 99991976  0 0 0 0 1 2 0 6 99991976  0 0 0 0 1 2 0 6 
+2.800371e+01 +2.799890e+01 99995976  0 4478251 5 10493977 1 6 11702 3 99995976  0 8490477 0 3682977 1 2 0 6 99995976  0 0 0 0 1 2 0 6 99995976  0 0 0 0 1 2 0 6 
+2.800371e+01 +2.799890e+01 99999976  0 4489703 5 10500357 1 6 11702 3 99999976  0 8499359 0 3705749 1 2 0 6 99999976  0 0 0 0 1 2 0 6 99999976  0 0 0 0 1 2 0 6 
+2.800371e+01 +2.799890e+01 100003984  0 4499839 5 10524375 1 6 11702 3 100003984  0 8500297 0 3722453 1 2 0 6 100003984  0 0 0 0 1 2 0 6 100003984  0 0 0 0 1 2 0 6 
+2.800371e+01 +2.799890e+01 100007984  0 4511291 5 10546079 1 6 11702 3 100007984  0 8505803 0 3676283 1 2 0 6 100007984  0 0 0 0 1 2 0 6 100007984  0 0 0 0 1 2 0 6 
+2.800371e+01 +2.799890e+01 100011976  0 4523681 5 10560401 1 6 11702 3 100011976  0 8496607 0 3716823 1 2 0 6 100011976  0 0 0 0 1 2 0 6 100011976  0 0 0 0 1 2 0 6 
+2.800371e+01 +2.799890e+01 100015976  0 4531627 5 10579791 1 6 11702 3 100015976  0 8498483 0 3694113 1 2 0 6 100015976  0 0 0 0 1 2 0 6 100015976  0 0 0 0 1 2 0 6 
+2.800371e+01 +2.799890e+01 100019976  0 4543329 5 10596803 1 6 11702 3 100019976  0 8517563 0 3713819 1 2 0 6 100019976  0 0 0 0 1 2 0 6 100019976  0 0 0 0 1 2 0 6 
+2.800371e+01 +2.799890e+01 100023976  0 4553905 5 10609123 1 6 11702 3 100023976  0 8506929 0 3655011 1 2 0 6 100023976  0 0 0 0 1 2 0 6 100023976  0 0 0 0 1 2 0 6 
+2.800371e+01 +2.799890e+01 100027976  0 4567671 5 10629639 1 6 11702 3 100027976  0 8475965 0 3669337 1 2 0 6 100027976  0 0 0 0 1 2 0 6 100027976  0 0 0 0 1 2 0 6 
+2.800371e+01 +2.799890e+01 100031976  0 4578121 5 10644649 1 6 11702 3 100031976  0 8494043 0 3688983 1 2 0 6 100031976  0 0 0 0 1 2 0 6 100031976  0 0 0 0 1 2 0 6 
+2.800371e+01 +2.799890e+01 100035984  0 4590573 5 10660411 1 6 11702 3 100035984  0 8510493 0 3655637 1 2 0 6 100035984  0 0 0 0 1 2 0 6 100035984  0 0 0 0 1 2 0 6 
+2.800371e+01 +2.799890e+01 100039976  0 4599835 5 10678299 1 6 11702 3 100039976  0 8513809 0 3727271 1 2 0 6 100039976  0 0 0 0 1 2 0 6 100039976  0 0 0 0 1 2 0 6 
+2.800371e+01 +2.799890e+01 100043976  0 4612225 5 10704443 1 6 11702 3 100043976  0 8507867 0 3684227 1 2 0 6 100043976  0 0 0 0 1 2 0 6 100043976  0 0 0 0 1 2 0 6 
+2.800371e+01 +2.799890e+01 100047976  0 4626867 5 10721205 1 6 11702 3 100047976  0 8518439 0 3671965 1 2 0 6 100047976  0 0 0 0 1 2 0 6 100047976  0 0 0 0 1 2 0 6 
+2.800371e+01 +2.799890e+01 100051976  0 4638319 5 10744659 1 6 11702 3 100051976  0 8523943 0 3719451 1 2 0 6 100051976  0 0 0 0 1 2 0 6 100051976  0 0 0 0 1 2 0 6 
+2.800371e+01 +2.799890e+01 100055976  0 4647579 5 10757545 1 6 11702 3 100055976  0 8506929 0 3706937 1 2 0 6 100055976  0 0 0 0 1 2 0 6 100055976  0 0 0 0 1 2 0 6 
+2.800371e+01 +2.799890e+01 100059976  0 4662473 5 10778309 1 6 11702 3 100059976  0 8503425 0 3656763 1 2 0 6 100059976  0 0 0 0 1 2 0 6 100059976  0 0 0 0 1 2 0 6 
+2.800371e+01 +2.799890e+01 100063976  0 4671233 5 10795071 1 6 11702 3 100063976  0 8512371 0 3696865 1 2 0 6 100063976  0 0 0 0 1 2 0 6 100063976  0 0 0 0 1 2 0 6 
+2.800371e+01 +2.799890e+01 100067984  0 4682371 5 10815899 1 6 11702 3 100067984  0 8519189 0 3748041 1 2 0 6 100067984  0 0 0 0 1 2 0 6 100067984  0 0 0 0 1 2 0 6 
+2.800371e+01 +2.799890e+01 100071976  0 4694385 5 10834663 1 6 11702 3 100071976  0 8503425 0 3720201 1 2 0 6 100071976  0 0 0 0 1 2 0 6 100071976  0 0 0 0 1 2 0 6 
+2.800371e+01 +2.799890e+01 100075976  0 4708903 5 10860243 1 6 11702 3 100075976  0 8499547 0 3711317 1 2 0 6 100075976  0 0 0 0 1 2 0 6 100075976  0 0 0 0 1 2 0 6 
+2.800371e+01 +2.799890e+01 100079976  0 4719291 5 10877255 1 6 11702 3 100079976  0 8509805 0 3748105 1 2 0 6 100079976  0 0 0 0 1 2 0 6 100079976  0 0 0 0 1 2 0 6 
+2.800371e+01 +2.799890e+01 100083976  0 4733871 5 10904151 1 6 11702 3 100083976  0 8513183 0 3719201 1 2 0 6 100083976  0 0 0 0 1 2 0 6 100083976  0 0 0 0 1 2 0 6 
+2.800371e+01 +2.799890e+01 100087976  0 4749515 5 10919975 1 6 11702 3 100087976  0 8488413 0 3681537 1 2 0 6 100087976  0 0 0 0 1 2 0 6 100087976  0 0 0 0 1 2 0 6 
+2.800371e+01 +2.799890e+01 100091976  0 4759965 5 10936487 1 6 11702 3 100091976  0 8500985 0 3757175 1 2 0 6 100091976  0 0 0 0 1 2 0 6 100091976  0 0 0 0 1 2 0 6 
+2.800371e+01 +2.799890e+01 100095976  0 4775171 5 10955063 1 6 11702 3 100095976  0 8512433 0 3737719 1 2 0 6 100095976  0 0 0 0 1 2 0 6 100095976  0 0 0 0 1 2 0 6 
+2.800371e+01 +2.799890e+01 100099976  0 4786309 5 10985647 1 6 11702 3 100099976  0 8506115 0 3724957 1 2 0 6 100099976  0 0 0 0 1 2 0 6 100099976  0 0 0 0 1 2 0 6 
+2.800371e+01 +2.799890e+01 100103976  0 4797009 5 11007475 1 6 11702 3 100103976  0 8525131 0 3775319 1 2 0 6 100103976  0 0 0 0 1 2 0 6 100103976  0 0 0 0 1 2 0 6 
+2.800371e+01 +2.799890e+01 100107976  0 4811213 5 11035495 1 6 11702 3 100107976  0 8515561 0 3739221 1 2 0 6 100107976  0 0 0 0 1 2 0 6 100107976  0 0 0 0 1 2 0 6 
+2.800371e+01 +2.799890e+01 100111976  0 4821163 5 11057949 1 6 11702 3 100111976  0 8518001 0 3701557 1 2 0 6 100111976  0 0 0 0 1 2 0 6 100111976  0 0 0 0 1 2 0 6 
+2.800371e+01 +2.799890e+01 100115976  0 4831551 5 11081279 1 6 11702 3 100115976  0 8509117 0 3729397 1 2 0 6 100115976  0 0 0 0 1 2 0 6 100115976  0 0 0 0 1 2 0 6 
+2.800371e+01 +2.799890e+01 100119976  0 4844441 5 11107361 1 6 11702 3 100119976  0 8522317 0 3778259 1 2 0 6 100119976  0 0 0 0 1 2 0 6 100119976  0 0 0 0 1 2 0 6 
+2.800371e+01 +2.799890e+01 100123976  0 4860461 5 11129377 1 6 11702 3 100123976  0 8515685 0 3723643 1 2 0 6 100123976  0 0 0 0 1 2 0 6 100123976  0 0 0 0 1 2 0 6 
+2.800371e+01 +2.799890e+01 100127976  0 4871349 5 11152331 1 6 11702 3 100127976  0 8513935 0 3756363 1 2 0 6 100127976  0 0 0 0 1 2 0 6 100127976  0 0 0 0 1 2 0 6 
+2.800371e+01 +2.799890e+01 100131976  0 4884113 5 11172157 1 6 11702 3 100131976  0 8519565 0 3751233 1 2 0 6 100131976  0 0 0 0 1 2 0 6 100131976  0 0 0 0 1 2 0 6 
+2.800371e+01 +2.799890e+01 100135976  0 4900759 5 11198239 1 6 11702 3 100135976  0 8512495 0 3725645 1 2 0 6 100135976  0 0 0 0 1 2 0 6 100135976  0 0 0 0 1 2 0 6 
+2.800371e+01 +2.799890e+01 100139976  0 4912085 5 11224821 1 6 11702 3 100139976  0 8516561 0 3757051 1 2 0 6 100139976  0 0 0 0 1 2 0 6 100139976  0 0 0 0 1 2 0 6 
+2.800371e+01 +2.800371e+01 100143976  0 4927353 5 11245397 1 6 11702 3 100143976  0 8526821 0 3754735 1 2 0 6 100143976  0 0 0 0 1 2 0 6 100143976  0 0 0 0 1 2 0 6 
+2.800371e+01 +2.800371e+01 100147976  0 4939493 5 11275295 1 6 11702 3 100147976  0 8525569 0 3783827 1 2 0 6 100147976  0 0 0 0 1 2 0 6 100147976  0 0 0 0 1 2 0 6 
+2.800371e+01 +2.800371e+01 100151976  0 4954761 5 11300251 1 6 11702 3 100151976  0 8500047 0 3725831 1 2 0 6 100151976  0 0 0 0 1 2 0 6 100151976  0 0 0 0 1 2 0 6 
+2.800371e+01 +2.800371e+01 100155968  0 4969341 5 11324267 1 6 11702 3 100155968  0 8529947 0 3775945 1 2 0 6 100155968  0 0 0 0 1 2 0 6 100155968  0 0 0 0 1 2 0 6 
+2.800371e+01 +2.800371e+01 100159976  0 4983609 5 11351537 1 6 11702 3 100159976  0 8520503 0 3752797 1 2 0 6 100159976  0 0 0 0 1 2 0 6 100159976  0 0 0 0 1 2 0 6 
+2.800371e+01 +2.800371e+01 100163976  0 4999877 5 11374741 1 6 11702 3 100163976  0 8537205 0 3760617 1 2 0 6 100163976  0 0 0 0 1 2 0 6 100163976  0 0 0 0 1 2 0 6 
+2.800371e+01 +2.800371e+01 100167976  0 5013269 5 11403825 1 6 11702 3 100167976  0 8524131 0 3742975 1 2 0 6 100167976  0 0 0 0 1 2 0 6 100167976  0 0 0 0 1 2 0 6 
+2.800371e+01 +2.800371e+01 100171976  0 5028163 5 11431345 1 6 11702 3 100171976  0 8516437 0 3713445 1 2 0 6 100171976  0 0 0 0 1 2 0 6 100171976  0 0 0 0 1 2 0 6 
+2.800371e+01 +2.800371e+01 100175976  0 5043181 5 11466121 1 6 11702 3 100175976  0 8527195 0 3755361 1 2 0 6 100175976  0 0 0 0 1 2 0 6 100175976  0 0 0 0 1 2 0 6 
+2.800371e+01 +2.800371e+01 100179976  0 5058761 5 11491827 1 6 11702 3 100179976  0 8529073 0 3780699 1 2 0 6 100179976  0 0 0 0 1 2 0 6 100179976  0 0 0 0 1 2 0 6 
+2.800371e+01 +2.800371e+01 100183968  0 5075907 5 11528227 1 6 11702 3 100183968  0 8533013 0 3774131 1 2 0 6 100183968  0 0 0 0 1 2 0 6 100183968  0 0 0 0 1 2 0 6 
+2.800371e+01 +2.800371e+01 100187976  0 5087733 5 11556061 1 6 11702 3 100187976  0 8534639 0 3756613 1 2 0 6 100187976  0 0 0 0 1 2 0 6 100187976  0 0 0 0 1 2 0 6 
+2.800371e+01 +2.800371e+01 100191976  0 5105817 5 11578389 1 6 11702 3 100191976  0 8539831 0 3768499 1 2 0 6 100191976  0 0 0 0 1 2 0 6 100191976  0 0 0 0 1 2 0 6 
+2.800371e+01 +2.800371e+01 100195976  0 5115955 5 11613165 1 6 11702 3 100195976  0 8535265 0 3761869 1 2 0 6 100195976  0 0 0 0 1 2 0 6 100195976  0 0 0 0 1 2 0 6 
+2.800371e+01 +2.800371e+01 100199976  0 5134415 5 11645751 1 6 11702 3 100199976  0 8533139 0 3755361 1 2 0 6 100199976  0 0 0 0 1 2 0 6 100199976  0 0 0 0 1 2 0 6 
+2.800371e+01 +2.800371e+01 100203976  0 5149245 5 11681777 1 6 11702 3 100203976  0 8520627 0 3762743 1 2 0 6 100203976  0 0 0 0 1 2 0 6 100203976  0 0 0 0 1 2 0 6 
+2.800371e+01 +2.800371e+01 100207976  0 5162199 5 11711235 1 6 11702 3 100207976  0 8539707 0 3790459 1 2 0 6 100207976  0 0 0 0 1 2 0 6 100207976  0 0 0 0 1 2 0 6 
+2.800371e+01 +2.800371e+01 100211968  0 5181409 5 11740881 1 6 11702 3 100211968  0 8539831 0 3722203 1 2 0 6 100211968  0 0 0 0 1 2 0 6 100211968  0 0 0 0 1 2 0 6 
+2.800371e+01 +2.800371e+01 100215968  0 5195237 5 11774781 1 6 11702 3 100215968  0 8546649 0 3777571 1 2 0 6 100215968  0 0 0 0 1 2 0 6 100215968  0 0 0 0 1 2 0 6 
+2.800371e+01 +2.800371e+01 100219976  0 5209881 5 11810307 1 6 11702 3 100219976  0 8531261 0 3741035 1 2 0 6 100219976  0 0 0 0 1 2 0 6 100219976  0 0 0 0 1 2 0 6 
+2.800371e+01 +2.800371e+01 100223976  0 5224211 5 11843269 1 6 11702 3 100223976  0 8533513 0 3778697 1 2 0 6 100223976  0 0 0 0 1 2 0 6 100223976  0 0 0 0 1 2 0 6 
+2.800371e+01 +2.800371e+01 100227976  0 5239165 5 11880609 1 6 11702 3 100227976  0 8525819 0 3757363 1 2 0 6 100227976  0 0 0 0 1 2 0 6 100227976  0 0 0 0 1 2 0 6 
+2.800371e+01 +2.800371e+01 100231976  0 5261443 5 11912507 1 6 11702 3 100231976  0 8530887 0 3691109 1 2 0 6 100231976  0 0 0 0 1 2 0 6 100231976  0 0 0 0 1 2 0 6 
+2.800371e+01 +2.800371e+01 100235976  0 5277087 5 11948469 1 6 11702 3 100235976  0 8525257 0 3774067 1 2 0 6 100235976  0 0 0 0 1 2 0 6 100235976  0 0 0 0 1 2 0 6 
+2.800371e+01 +2.800371e+01 100239968  0 5291855 5 11983557 1 6 11702 3 100239968  0 8527759 0 3777633 1 2 0 6 100239968  0 0 0 0 1 2 0 6 100239968  0 0 0 0 1 2 0 6 
+2.800371e+01 +2.800371e+01 100243968  0 5308187 5 12028903 1 6 11702 3 100243968  0 8533013 0 3692923 1 2 0 6 100243968  0 0 0 0 1 2 0 6 100243968  0 0 0 0 1 2 0 6 
+2.800371e+01 +2.800371e+01 100247968  0 5329649 5 12068181 1 6 11702 3 100247968  0 8533325 0 3754485 1 2 0 6 100247968  0 0 0 0 1 2 0 6 100247968  0 0 0 0 1 2 0 6 
+2.800371e+01 +2.800371e+01 100251976  0 5341915 5 12109211 1 6 11702 3 100251976  0 8536391 0 3756049 1 2 0 6 100251976  0 0 0 0 1 2 0 6 100251976  0 0 0 0 1 2 0 6 
+2.800371e+01 +2.800371e+01 100255976  0 5364755 5 12144925 1 6 11702 3 100255976  0 8537893 0 3708189 1 2 0 6 100255976  0 0 0 0 1 2 0 6 100255976  0 0 0 0 1 2 0 6 
+2.800371e+01 +2.800371e+01 100259976  0 5377269 5 12182201 1 6 11702 3 100259976  0 8526945 0 3729899 1 2 0 6 100259976  0 0 0 0 1 2 0 6 100259976  0 0 0 0 1 2 0 6 
+2.800371e+01 +2.800371e+01 100263976  0 5395917 5 12225107 1 6 11702 3 100263976  0 8517751 0 3611717 1 2 0 6 100263976  0 0 0 0 1 2 0 6 100263976  0 0 0 0 1 2 0 6 
+2.800371e+01 +2.800371e+01 100267968  0 5417693 5 12268389 1 6 11702 3 100267968  0 8538831 0 3546715 1 2 0 6 100267968  0 0 0 0 1 2 0 6 100267968  0 0 0 0 1 2 0 6 
+2.800611e+01 +2.800130e+01 100271968  0 5428519 5 12305791 1 6 11702 3 100271968  0 8514435 0 3730711 1 2 0 6 100271968  0 0 0 0 1 2 0 6 100271968  0 0 0 0 1 2 0 6 
+2.800611e+01 +2.800130e+01 100275968  0 5446977 5 12348823 1 6 11702 3 100275968  0 8533701 0 3756299 1 2 0 6 100275968  0 0 0 0 1 2 0 6 100275968  0 0 0 0 1 2 0 6 
+2.800611e+01 +2.800130e+01 100279968  0 5464625 5 12386599 1 6 11702 3 100279968  0 8525257 0 3716573 1 2 0 6 100279968  0 0 0 0 1 2 0 6 100279968  0 0 0 0 1 2 0 6 
+2.800611e+01 +2.800130e+01 100283976  0 5481081 5 12432759 1 6 11702 3 100283976  0 8536079 0 3769625 1 2 0 6 100283976  0 0 0 0 1 2 0 6 100283976  0 0 0 0 1 2 0 6 
+2.800611e+01 +2.800130e+01 100287976  0 5494849 5 12481043 1 6 11702 3 100287976  0 8533263 0 3738407 1 2 0 6 100287976  0 0 0 0 1 2 0 6 100287976  0 0 0 0 1 2 0 6 
+2.800611e+01 +2.800130e+01 100291976  0 5517625 5 12527139 1 6 11702 3 100291976  0 8527633 0 3695551 1 2 0 6 100291976  0 0 0 0 1 2 0 6 100291976  0 0 0 0 1 2 0 6 
+2.800611e+01 +2.800130e+01 100295976  0 5529891 5 12577675 1 6 11702 3 100295976  0 8518001 0 3750731 1 2 0 6 100295976  0 0 0 0 1 2 0 6 100295976  0 0 0 0 1 2 0 6 
+2.800611e+01 +2.800130e+01 100299968  0 5549851 5 12626587 1 6 11702 3 100299968  0 8530073 0 3759553 1 2 0 6 100299968  0 0 0 0 1 2 0 6 100299968  0 0 0 0 1 2 0 6 
+2.800611e+01 +2.800130e+01 100303968  0 5566559 5 12670369 1 6 11702 3 100303968  0 8535139 0 3752295 1 2 0 6 100303968  0 0 0 0 1 2 0 6 100303968  0 0 0 0 1 2 0 6 
+2.800611e+01 +2.800130e+01 100307968  0 5588585 5 12725095 1 6 11702 3 100307968  0 8520127 0 3736467 1 2 0 6 100307968  0 0 0 0 1 2 0 6 100307968  0 0 0 0 1 2 0 6 
+2.800611e+01 +2.800130e+01 100311976  0 5612365 5 12778697 1 6 11702 3 100311976  0 8541771 0 3598829 1 2 0 6 100311976  0 0 0 0 1 2 0 6 100311976  0 0 0 0 1 2 0 6 
+2.800611e+01 +2.800130e+01 100315976  0 5627883 5 12826481 1 6 11702 3 100315976  0 8532887 0 3729649 1 2 0 6 100315976  0 0 0 0 1 2 0 6 100315976  0 0 0 0 1 2 0 6 
+2.800611e+01 +2.800130e+01 100319976  0 5644153 5 12875141 1 6 11702 3 100319976  0 8503487 0 3756613 1 2 0 6 100319976  0 0 0 0 1 2 0 6 100319976  0 0 0 0 1 2 0 6 
+2.800611e+01 +2.800130e+01 100323976  0 5662111 5 12934371 1 6 11702 3 100323976  0 8507241 0 3711567 1 2 0 6 100323976  0 0 0 0 1 2 0 6 100323976  0 0 0 0 1 2 0 6 
+2.800611e+01 +2.800130e+01 100327968  0 5682135 5 12991977 1 6 11702 3 100327968  0 8529509 0 3575681 1 2 0 6 100327968  0 0 0 0 1 2 0 6 100327968  0 0 0 0 1 2 0 6 
+2.800611e+01 +2.800130e+01 100331968  0 5699531 5 13041887 1 6 11702 3 100331968  0 8514373 0 3718261 1 2 0 6 100331968  0 0 0 0 1 2 0 6 100331968  0 0 0 0 1 2 0 6 
+2.800611e+01 +2.800130e+01 100335968  0 5715989 5 13096239 1 6 11702 3 100335968  0 8508867 0 3723643 1 2 0 6 100335968  0 0 0 0 1 2 0 6 100335968  0 0 0 0 1 2 0 6 
+2.800611e+01 +2.800130e+01 100339968  0 5736763 5 13154093 1 6 11702 3 100339968  0 8520439 0 3755111 1 2 0 6 100339968  0 0 0 0 1 2 0 6 100339968  0 0 0 0 1 2 0 6 
+2.800611e+01 +2.800130e+01 100343976  0 5757163 5 13212011 1 6 11702 3 100343976  0 8523881 0 3763495 1 2 0 6 100343976  0 0 0 0 1 2 0 6 100343976  0 0 0 0 1 2 0 6 
+2.800611e+01 +2.800130e+01 100347976  0 5775061 5 13274243 1 6 11702 3 100347976  0 8502799 0 3738219 1 2 0 6 100347976  0 0 0 0 1 2 0 6 100347976  0 0 0 0 1 2 0 6 
+2.800611e+01 +2.800130e+01 100351976  0 5791329 5 13331847 1 6 11702 3 100351976  0 8513121 0 3729649 1 2 0 6 100351976  0 0 0 0 1 2 0 6 100351976  0 0 0 0 1 2 0 6 
+2.800611e+01 +2.800130e+01 100355968  0 5810227 5 13397957 1 6 11702 3 100355968  0 8505239 0 3707813 1 2 0 6 100355968  0 0 0 0 1 2 0 6 100355968  0 0 0 0 1 2 0 6 
+2.800611e+01 +2.800130e+01 100359968  0 5833693 4 3443493 1 6 11702 3 100359968  0 8505115 0 3715885 1 2 0 6 100359968  0 0 0 0 1 2 0 6 100359968  0 0 0 0 1 2 0 6 
+2.800611e+01 +2.800130e+01 100363968  0 5850839 4 3502473 1 6 11702 3 100363968  0 8523005 0 3775257 1 2 0 6 100363968  0 0 0 0 1 2 0 6 100363968  0 0 0 0 1 2 0 6 
+2.800611e+01 +2.800130e+01 100367968  0 5872239 4 3559077 1 6 11702 3 100367968  0 8524693 0 3779385 1 2 0 6 100367968  0 0 0 0 1 2 0 6 100367968  0 0 0 0 1 2 0 6 
+2.800611e+01 +2.800130e+01 100371968  0 5889323 4 3632943 1 6 11702 3 100371968  0 8534953 0 3732651 1 2 0 6 100371968  0 0 0 0 1 2 0 6 100371968  0 0 0 0 1 2 0 6 
+2.800611e+01 +2.800130e+01 100375976  0 5908471 4 3696489 1 6 11702 3 100375976  0 8527509 0 3716949 1 2 0 6 100375976  0 0 0 0 1 2 0 6 100375976  0 0 0 0 1 2 0 6 
+2.800611e+01 +2.800130e+01 100379976  0 5925365 4 3776359 1 6 11702 3 100379976  0 8508805 0 3750169 1 2 0 6 100379976  0 0 0 0 1 2 0 6 100379976  0 0 0 0 1 2 0 6 
+2.800611e+01 +2.800130e+01 100383968  0 5945891 4 3844595 1 6 11702 3 100383968  0 8512683 0 3714383 1 2 0 6 100383968  0 0 0 0 1 2 0 6 100383968  0 0 0 0 1 2 0 6 
+2.800611e+01 +2.800130e+01 100387968  0 5969481 4 3919901 1 6 11702 3 100387968  0 8510369 0 3708439 1 2 0 6 100387968  0 0 0 0 1 2 0 6 100387968  0 0 0 0 1 2 0 6 
+2.800611e+01 +2.800130e+01 100391968  0 5985625 4 3993517 1 6 11702 3 100391968  0 8519751 0 3724643 1 2 0 6 100391968  0 0 0 0 1 2 0 6 100391968  0 0 0 0 1 2 0 6 
+2.801092e+01 +2.799650e+01 100395968  0 6006901 4 4066633 1 6 11702 3 100395968  0 8519689 0 3739283 1 2 0 6 100395968  0 0 0 0 1 2 0 6 100395968  0 0 0 0 1 2 0 6 
+2.801092e+01 +2.799650e+01 100399968  0 6027363 4 4142687 1 6 11702 3 100399968  0 8540331 0 3745039 1 2 0 6 100399968  0 0 0 0 1 2 0 6 100399968  0 0 0 0 1 2 0 6 
+2.801092e+01 +2.799650e+01 100403968  0 6047325 4 4223933 1 6 11702 3 100403968  0 8518939 0 3735843 1 2 0 6 100403968  0 0 0 0 1 2 0 6 100403968  0 0 0 0 1 2 0 6 
+2.801092e+01 +2.799650e+01 100407976  0 6062467 4 4300801 1 6 11702 3 100407976  0 8522941 0 3736405 1 2 0 6 100407976  0 0 0 0 1 2 0 6 100407976  0 0 0 0 1 2 0 6 
+2.801092e+01 +2.799650e+01 100411968  0 6085121 4 4380171 1 6 11702 3 100411968  0 8514309 0 3683415 1 2 0 6 100411968  0 0 0 0 1 2 0 6 100411968  0 0 0 0 1 2 0 6 
+2.801092e+01 +2.799650e+01 100415968  0 6104643 4 4465421 1 6 11702 3 100415968  0 8532013 0 3602833 1 2 0 6 100415968  0 0 0 0 1 2 0 6 100415968  0 0 0 0 1 2 0 6 
+2.801092e+01 +2.799650e+01 100419968  0 6122039 4 4545605 1 6 11702 3 100419968  0 8527257 0 3769813 1 2 0 6 100419968  0 0 0 0 1 2 0 6 100419968  0 0 0 0 1 2 0 6 
+2.801092e+01 +2.799650e+01 100423968  0 6141751 4 4634169 1 6 11702 3 100423968  0 8547839 0 3694237 1 2 0 6 100423968  0 0 0 0 1 2 0 6 100423968  0 0 0 0 1 2 0 6 
+2.801092e+01 +2.799650e+01 100427968  0 6162151 4 4717353 1 6 11702 3 100427968  0 8534639 0 3778071 1 2 0 6 100427968  0 0 0 0 1 2 0 6 100427968  0 0 0 0 1 2 0 6 
+2.801092e+01 +2.799650e+01 100431968  0 6180423 4 4814549 1 6 11702 3 100431968  0 8511995 0 3750857 1 2 0 6 100431968  0 0 0 0 1 2 0 6 100431968  0 0 0 0 1 2 0 6 
+2.801092e+01 +2.799650e+01 100435976  0 6195815 4 4900549 1 6 11702 3 100435976  0 8534389 0 3679285 1 2 0 6 100435976  0 0 0 0 1 2 0 6 100435976  0 0 0 0 1 2 0 6 
+2.801092e+01 +2.799650e+01 100439968  0 6216027 4 4999121 1 6 11702 3 100439968  0 8520503 0 3758553 1 2 0 6 100439968  0 0 0 0 1 2 0 6 100439968  0 0 0 0 1 2 0 6 
+2.801092e+01 +2.799650e+01 100443968  0 6231859 4 5093815 1 6 11702 3 100443968  0 8533513 0 3727583 1 2 0 6 100443968  0 0 0 0 1 2 0 6 100443968  0 0 0 0 1 2 0 6 
+2.801092e+01 +2.799650e+01 100447968  0 6257265 4 5195887 1 6 11702 3 100447968  0 8541833 0 3689671 1 2 0 6 100447968  0 0 0 0 1 2 0 6 100447968  0 0 0 0 1 2 0 6 
+2.801092e+01 +2.799650e+01 100451968  0 6269843 4 5292019 1 6 11702 3 100451968  0 8521879 0 3700055 1 2 0 6 100451968  0 0 0 0 1 2 0 6 100451968  0 0 0 0 1 2 0 6 
+2.801092e+01 +2.799650e+01 100455968  0 6284923 4 5388027 1 6 11702 3 100455968  0 8532825 0 3739345 1 2 0 6 100455968  0 0 0 0 1 2 0 6 100455968  0 0 0 0 1 2 0 6 
+2.801092e+01 +2.799650e+01 100459968  0 6305259 4 5499983 1 6 11702 3 100459968  0 8527071 0 3740471 1 2 0 6 100459968  0 0 0 0 1 2 0 6 100459968  0 0 0 0 1 2 0 6 
+2.801092e+01 +2.799650e+01 100463968  0 6321341 4 5604747 1 6 11702 3 100463968  0 8519127 0 3704499 1 2 0 6 100463968  0 0 0 0 1 2 0 6 100463968  0 0 0 0 1 2 0 6 
+2.801092e+01 +2.799650e+01 100467968  0 6337987 4 5712825 1 6 11702 3 100467968  0 8529635 0 3736467 1 2 0 6 100467968  0 0 0 0 1 2 0 6 100467968  0 0 0 0 1 2 0 6 
+2.801092e+01 +2.799650e+01 100471968  0 6356197 4 5825907 1 6 11702 3 100471968  0 8540707 0 3732339 1 2 0 6 100471968  0 0 0 0 1 2 0 6 100471968  0 0 0 0 1 2 0 6 
+2.801092e+01 +2.799650e+01 100475968  0 6371527 4 5941679 1 6 11702 3 100475968  0 8527883 0 3728647 1 2 0 6 100475968  0 0 0 0 1 2 0 6 100475968  0 0 0 0 1 2 0 6 
+2.801092e+01 +2.799650e+01 100479968  0 6386357 4 6047817 1 6 11702 3 100479968  0 8529385 0 3724143 1 2 0 6 100479968  0 0 0 0 1 2 0 6 100479968  0 0 0 0 1 2 0 6 
+2.801092e+01 +2.799650e+01 100483968  0 6406069 4 6167405 1 6 11702 3 100483968  0 8544773 0 3670401 1 2 0 6 100483968  0 0 0 0 1 2 0 6 100483968  0 0 0 0 1 2 0 6 
+2.801092e+01 +2.799650e+01 100487968  0 6422213 4 6290369 1 6 11702 3 100487968  0 8548901 0 3665397 1 2 0 6 100487968  0 0 0 0 1 2 0 6 100487968  0 0 0 0 1 2 0 6 
+2.801092e+01 +2.799650e+01 100491968  0 6438921 4 6408455 1 6 11702 3 100491968  0 8530199 0 3761993 1 2 0 6 100491968  0 0 0 0 1 2 0 6 100491968  0 0 0 0 1 2 0 6 
+2.801092e+01 +2.799650e+01 100495968  0 6452311 4 6535985 1 6 11702 3 100495968  0 8540269 0 3693799 1 2 0 6 100495968  0 0 0 0 1 2 0 6 100495968  0 0 0 0 1 2 0 6 
+2.801092e+01 +2.799650e+01 100499968  0 6463325 4 6664827 1 6 11702 3 100499968  0 8524255 0 3726207 1 2 0 6 100499968  0 0 0 0 1 2 0 6 100499968  0 0 0 0 1 2 0 6 
+2.801092e+01 +2.799650e+01 100503968  0 6476717 4 6789919 1 6 11702 3 100503968  0 8532199 0 3769189 1 2 0 6 100503968  0 0 0 0 1 2 0 6 100503968  0 0 0 0 1 2 0 6 
+2.801092e+01 +2.799650e+01 100507968  0 6488105 4 6926455 1 6 11702 3 100507968  0 8533325 0 3724331 1 2 0 6 100507968  0 0 0 0 1 2 0 6 100507968  0 0 0 0 1 2 0 6 
+2.801092e+01 +2.799650e+01 100511968  0 6499995 4 7065931 1 6 11702 3 100511968  0 8531887 0 3780199 1 2 0 6 100511968  0 0 0 0 1 2 0 6 100511968  0 0 0 0 1 2 0 6 
+2.801092e+01 +2.799650e+01 100515968  0 6510381 4 7207909 1 6 11702 3 100515968  0 8537705 0 3768187 1 2 0 6 100515968  0 0 0 0 1 2 0 6 100515968  0 0 0 0 1 2 0 6 
+2.801092e+01 +2.799650e+01 100519968  0 6519767 4 7338753 1 6 11702 3 100519968  0 8535765 0 3773881 1 2 0 6 100519968  0 0 0 0 1 2 0 6 100519968  0 0 0 0 1 2 0 6 
+2.801332e+01 +2.799650e+01 100523960  0 6528967 4 7496743 1 6 11702 3 100523960  0 8532637 0 3710567 1 2 0 6 100523960  0 0 0 0 1 2 0 6 100523960  0 0 0 0 1 2 0 6 
+2.801332e+01 +2.799650e+01 100527968  0 6536287 4 7631091 1 6 11702 3 100527968  0 8519127 0 3727333 1 2 0 6 100527968  0 0 0 0 1 2 0 6 100527968  0 0 0 0 1 2 0 6 
+2.801332e+01 +2.799650e+01 100531968  0 6540481 4 7783451 1 6 11702 3 100531968  0 8529761 0 3669463 1 2 0 6 100531968  0 0 0 0 1 2 0 6 100531968  0 0 0 0 1 2 0 6 
+2.801332e+01 +2.799650e+01 100535968  0 6547239 4 7929995 1 6 11702 3 100535968  0 8532199 0 3755237 1 2 0 6 100535968  0 0 0 0 1 2 0 6 100535968  0 0 0 0 1 2 0 6 
+2.801332e+01 +2.799650e+01 100539968  0 6549241 4 8080229 1 6 11702 3 100539968  0 8545149 0 3746165 1 2 0 6 100539968  0 0 0 0 1 2 0 6 100539968  0 0 0 0 1 2 0 6 
+2.801332e+01 +2.799650e+01 100543968  0 6553121 4 8245349 1 6 11702 3 100543968  0 8544461 0 3726395 1 2 0 6 100543968  0 0 0 0 1 2 0 6 100543968  0 0 0 0 1 2 0 6 
+2.801332e+01 +2.799650e+01 100547968  0 6555499 4 8406339 1 6 11702 3 100547968  0 8531511 0 3784077 1 2 0 6 100547968  0 0 0 0 1 2 0 6 100547968  0 0 0 0 1 2 0 6 
+2.801332e+01 +2.799650e+01 100551960  0 6560817 4 8566769 1 6 11702 3 100551960  0 8523755 0 3777383 1 2 0 6 100551960  0 0 0 0 1 2 0 6 100551960  0 0 0 0 1 2 0 6 
+2.801332e+01 +2.799650e+01 100555960  0 6557939 4 8733639 1 6 11702 3 100555960  0 8528947 0 3729273 1 2 0 6 100555960  0 0 0 0 1 2 0 6 100555960  0 0 0 0 1 2 0 6 
+2.801332e+01 +2.799650e+01 100559968  0 6557563 4 8908453 1 6 11702 3 100559968  0 8535453 0 3793713 1 2 0 6 100559968  0 0 0 0 1 2 0 6 100559968  0 0 0 0 1 2 0 6 
+2.801332e+01 +2.799650e+01 100563968  0 6553057 4 9070697 1 6 11702 3 100563968  0 8541583 0 3784579 1 2 0 6 100563968  0 0 0 0 1 2 0 6 100563968  0 0 0 0 1 2 0 6 
+2.801332e+01 +2.799650e+01 100567968  0 6547865 4 9248825 1 6 11702 3 100567968  0 8537141 0 3746165 1 2 0 6 100567968  0 0 0 0 1 2 0 6 100567968  0 0 0 0 1 2 0 6 
+2.801332e+01 +2.799650e+01 100571968  0 6541357 4 9421013 1 6 11702 3 100571968  0 8532387 0 3757739 1 2 0 6 100571968  0 0 0 0 1 2 0 6 100571968  0 0 0 0 1 2 0 6 
+2.801332e+01 +2.799650e+01 100575968  0 6531719 4 9609025 1 6 11702 3 100575968  0 8548965 0 3782513 1 2 0 6 100575968  0 0 0 0 1 2 0 6 100575968  0 0 0 0 1 2 0 6 
+2.801332e+01 +2.799650e+01 100579968  0 6522647 4 9794847 1 6 11702 3 100579968  0 8531511 0 3731275 1 2 0 6 100579968  0 0 0 0 1 2 0 6 100579968  0 0 0 0 1 2 0 6 
+2.801332e+01 +2.799650e+01 100583960  0 6510883 4 9977917 1 6 11702 3 100583960  0 8518313 0 3778071 1 2 0 6 100583960  0 0 0 0 1 2 0 6 100583960  0 0 0 0 1 2 0 6 
+2.801332e+01 +2.799650e+01 100587968  0 6496365 4 10162675 1 6 11702 3 100587968  0 8529947 0 3775695 1 2 0 6 100587968  0 0 0 0 1 2 0 6 100587968  0 0 0 0 1 2 0 6 
+2.801332e+01 +2.799650e+01 100591968  0 6483099 4 10362883 1 6 11702 3 100591968  0 8543397 0 3742725 1 2 0 6 100591968  0 0 0 0 1 2 0 6 100591968  0 0 0 0 1 2 0 6 
+2.801332e+01 +2.799650e+01 100595968  0 6462387 4 10544639 1 6 11702 3 100595968  0 8539707 0 3777133 1 2 0 6 100595968  0 0 0 0 1 2 0 6 100595968  0 0 0 0 1 2 0 6 
+2.801332e+01 +2.799650e+01 100599968  0 6442363 4 10743597 1 6 11702 3 100599968  0 8527883 0 3754361 1 2 0 6 100599968  0 0 0 0 1 2 0 6 100599968  0 0 0 0 1 2 0 6 
+2.801332e+01 +2.799650e+01 100603968  0 6418459 4 10942491 1 6 11702 3 100603968  0 8542583 0 3709815 1 2 0 6 100603968  0 0 0 0 1 2 0 6 100603968  0 0 0 0 1 2 0 6 
+2.801332e+01 +2.799650e+01 100607968  0 6388109 4 11139695 1 6 11702 3 100607968  0 8527133 0 3757801 1 2 0 6 100607968  0 0 0 0 1 2 0 6 100607968  0 0 0 0 1 2 0 6 
+2.801332e+01 +2.799650e+01 100611960  0 6360327 4 11338653 1 6 11702 3 100611960  0 8524193 0 3761617 1 2 0 6 100611960  0 0 0 0 1 2 0 6 100611960  0 0 0 0 1 2 0 6 
+2.801332e+01 +2.799650e+01 100615960  0 6328789 4 11535795 1 6 11702 3 100615960  0 8544335 0 3720201 1 2 0 6 100615960  0 0 0 0 1 2 0 6 100615960  0 0 0 0 1 2 0 6 
+2.801332e+01 +2.799650e+01 100619968  0 6296687 4 11740131 1 6 11702 3 100619968  0 8532075 0 3787457 1 2 0 6 100619968  0 0 0 0 1 2 0 6 100619968  0 0 0 0 1 2 0 6 
+2.801332e+01 +2.799650e+01 100623968  0 6257827 4 11943905 1 6 11702 3 100623968  0 8540269 0 3798467 1 2 0 6 100623968  0 0 0 0 1 2 0 6 100623968  0 0 0 0 1 2 0 6 
+2.801332e+01 +2.799650e+01 100627968  0 6219783 4 12145049 1 6 11702 3 100627968  0 8542271 0 3748543 1 2 0 6 100627968  0 0 0 0 1 2 0 6 100627968  0 0 0 0 1 2 0 6 
+2.801332e+01 +2.799650e+01 100631968  0 6177669 4 12353827 1 6 11702 3 100631968  0 8535641 0 3764871 1 2 0 6 100631968  0 0 0 0 1 2 0 6 100631968  0 0 0 0 1 2 0 6 
+2.801332e+01 +2.799650e+01 100635968  0 6129737 4 12556599 1 6 11702 3 100635968  0 8539769 0 3768375 1 2 0 6 100635968  0 0 0 0 1 2 0 6 100635968  0 0 0 0 1 2 0 6 
+2.801332e+01 +2.799650e+01 100639960  0 6080115 4 12756993 1 6 11702 3 100639960  0 8531825 0 3757677 1 2 0 6 100639960  0 0 0 0 1 2 0 6 100639960  0 0 0 0 1 2 0 6 
+2.801332e+01 +2.799650e+01 100643960  0 6027051 4 12963893 1 6 11702 3 100643960  0 8533763 0 3728271 1 2 0 6 100643960  0 0 0 0 1 2 0 6 100643960  0 0 0 0 1 2 0 6 
+2.802051e+01 +2.799409e+01 100647960  0 5969043 4 13173483 1 6 11702 3 100647960  0 8540207 0 3732713 1 2 0 6 100647960  0 0 0 0 1 2 0 6 100647960  0 0 0 0 1 2 0 6 
+2.802051e+01 +2.799409e+01 100651968  0 5911035 4 13373879 1 6 11702 3 100651968  0 8533701 0 3705437 1 2 0 6 100651968  0 0 0 0 1 2 0 6 100651968  0 0 0 0 1 2 0 6 
+2.802051e+01 +2.799409e+01 100655968  0 5850087 3 3579029 1 6 11702 3 100655968  0 8512495 0 3716885 1 2 0 6 100655968  0 0 0 0 1 2 0 6 100655968  0 0 0 0 1 2 0 6 
+2.802051e+01 +2.799409e+01 100659968  0 5787825 3 3759221 1 6 11702 3 100659968  0 8514435 0 3716635 1 2 0 6 100659968  0 0 0 0 1 2 0 6 100659968  0 0 0 0 1 2 0 6 
+2.802051e+01 +2.799409e+01 100663968  0 5720431 3 3963869 1 6 11702 3 100663968  0 8523317 0 3736029 1 2 0 6 100663968  0 0 0 0 1 2 0 6 100663968  0 0 0 0 1 2 0 6 
+2.802051e+01 +2.799409e+01 100667960  0 5648407 3 4151693 1 6 11702 3 100667960  0 8531261 0 3716447 1 2 0 6 100667960  0 0 0 0 1 2 0 6 100667960  0 0 0 0 1 2 0 6 
+2.802051e+01 +2.799409e+01 100671960  0 5569125 3 4342895 1 6 11702 3 100671960  0 8524255 0 3699743 1 2 0 6 100671960  0 0 0 0 1 2 0 6 100671960  0 0 0 0 1 2 0 6 
+2.802051e+01 +2.799409e+01 100675960  0 5491281 3 4533095 1 6 11702 3 100675960  0 8509931 0 3708439 1 2 0 6 100675960  0 0 0 0 1 2 0 6 100675960  0 0 0 0 1 2 0 6 
+2.802051e+01 +2.799409e+01 100679960  0 5407243 3 4709347 1 6 11702 3 100679960  0 8522379 0 3734591 1 2 0 6 100679960  0 0 0 0 1 2 0 6 100679960  0 0 0 0 1 2 0 6 
+2.802051e+01 +2.799409e+01 100683968  0 5315821 3 4896295 1 6 11702 3 100683968  0 8514247 0 3724643 1 2 0 6 100683968  0 0 0 0 1 2 0 6 100683968  0 0 0 0 1 2 0 6 
+2.802051e+01 +2.799409e+01 100687968  0 5226839 3 5068609 1 6 11702 3 100687968  0 8537829 0 3729461 1 2 0 6 100687968  0 0 0 0 1 2 0 6 100687968  0 0 0 0 1 2 0 6 
+2.802051e+01 +2.799409e+01 100691968  0 5132225 3 5234041 1 6 11702 3 100691968  0 8525381 0 3802283 1 2 0 6 100691968  0 0 0 0 1 2 0 6 100691968  0 0 0 0 1 2 0 6 
+2.802051e+01 +2.799409e+01 100695960  0 5035733 3 5394345 1 6 11702 3 100695960  0 8528447 0 3735091 1 2 0 6 100695960  0 0 0 0 1 2 0 6 100695960  0 0 0 0 1 2 0 6 
+2.802051e+01 +2.799409e+01 100699960  0 4935425 3 5549519 1 6 11702 3 100699960  0 8534265 0 3727021 1 2 0 6 100699960  0 0 0 0 1 2 0 6 100699960  0 0 0 0 1 2 0 6 
+2.802051e+01 +2.799409e+01 100703960  0 4830425 3 5697751 1 6 11702 3 100703960  0 8529197 0 3759865 1 2 0 6 100703960  0 0 0 0 1 2 0 6 100703960  0 0 0 0 1 2 0 6 
+2.802051e+01 +2.799409e+01 100707960  0 4721607 3 5836603 1 6 11702 3 100707960  0 8529385 0 3739157 1 2 0 6 100707960  0 0 0 0 1 2 0 6 100707960  0 0 0 0 1 2 0 6 
+2.802051e+01 +2.799409e+01 100711968  0 4613413 3 5964445 1 6 11702 3 100711968  0 8533139 0 3768249 1 2 0 6 100711968  0 0 0 0 1 2 0 6 100711968  0 0 0 0 1 2 0 6 
+2.802051e+01 +2.799409e+01 100715968  0 4501779 3 6090911 1 6 11702 3 100715968  0 8537079 0 3746103 1 2 0 6 100715968  0 0 0 0 1 2 0 6 100715968  0 0 0 0 1 2 0 6 
+2.802051e+01 +2.799409e+01 100719968  0 4387455 3 6202617 1 6 11702 3 100719968  0 8543961 0 3736967 1 2 0 6 100719968  0 0 0 0 1 2 0 6 100719968  0 0 0 0 1 2 0 6 
+2.802051e+01 +2.799409e+01 100723960  0 4269187 3 6310697 1 6 11702 3 100723960  0 8545587 0 3804723 1 2 0 6 100723960  0 0 0 0 1 2 0 6 100723960  0 0 0 0 1 2 0 6 
+2.802051e+01 +2.799409e+01 100727960  0 4151295 3 6403951 1 6 11702 3 100727960  0 8532951 0 3761305 1 2 0 6 100727960  0 0 0 0 1 2 0 6 100727960  0 0 0 0 1 2 0 6 
+2.802051e+01 +2.799409e+01 100731960  0 4037283 3 6490389 1 6 11702 3 100731960  0 8550403 0 3735153 1 2 0 6 100731960  0 0 0 0 1 2 0 6 100731960  0 0 0 0 1 2 0 6 
+2.802051e+01 +2.799409e+01 100735960  0 3915825 3 6565255 1 6 11702 3 100735960  0 8549089 0 3772379 1 2 0 6 100735960  0 0 0 0 1 2 0 6 100735960  0 0 0 0 1 2 0 6 
+2.802051e+01 +2.799409e+01 100739960  0 3792051 3 6624987 1 6 11702 3 100739960  0 8527571 0 3746541 1 2 0 6 100739960  0 0 0 0 1 2 0 6 100739960  0 0 0 0 1 2 0 6 
+2.802051e+01 +2.799409e+01 100743968  0 3671281 3 6679401 1 6 11702 3 100743968  0 8533701 0 3716697 1 2 0 6 100743968  0 0 0 0 1 2 0 6 100743968  0 0 0 0 1 2 0 6 
+2.802051e+01 +2.799409e+01 100747968  0 3545129 3 6723057 1 6 11702 3 100747968  0 8538769 0 3729711 1 2 0 6 100747968  0 0 0 0 1 2 0 6 100747968  0 0 0 0 1 2 0 6 
+2.802051e+01 +2.799409e+01 100751960  0 3418163 3 6756143 1 6 11702 3 100751960  0 8537141 0 3750107 1 2 0 6 100751960  0 0 0 0 1 2 0 6 100751960  0 0 0 0 1 2 0 6 
+2.802051e+01 +2.799409e+01 100755960  -1 13333147 3 6771843 1 6 11702 3 100755960  0 8549403 0 3701557 1 2 0 6 100755960  0 0 0 0 1 2 0 6 100755960  0 0 0 0 1 2 0 6 
+2.802051e+01 +2.799409e+01 100759960  -1 13217257 3 6778847 1 6 11702 3 100759960  0 8535765 0 3796779 1 2 0 6 100759960  0 0 0 0 1 2 0 6 100759960  0 0 0 0 1 2 0 6 
+2.802051e+01 +2.799409e+01 100763960  -1 13097237 3 6774283 1 6 11702 3 100763960  0 8534013 0 3791209 1 2 0 6 100763960  0 0 0 0 1 2 0 6 100763960  0 0 0 0 1 2 0 6 
+2.802531e+01 +2.799409e+01 100767960  -1 12974527 3 6764651 1 6 11702 3 100767960  0 8555407 0 3706063 1 2 0 6 100767960  0 0 0 0 1 2 0 6 100767960  0 0 0 0 1 2 0 6 
+2.802531e+01 +2.799409e+01 100771960  -1 12850879 3 6737317 1 6 11702 3 100771960  0 8531073 0 3788269 1 2 0 6 100771960  0 0 0 0 1 2 0 6 100771960  0 0 0 0 1 2 0 6 
+2.802531e+01 +2.799409e+01 100775968  -1 12732925 3 6706921 1 6 11702 3 100775968  0 8544397 0 3793649 1 2 0 6 100775968  0 0 0 0 1 2 0 6 100775968  0 0 0 0 1 2 0 6 
+2.802531e+01 +2.799409e+01 100779960  -1 12615909 3 6661075 1 6 11702 3 100779960  0 8531073 0 3741661 1 2 0 6 100779960  0 0 0 0 1 2 0 6 100779960  0 0 0 0 1 2 0 6 
+2.802531e+01 +2.799409e+01 100783960  -1 12495953 3 6598343 1 6 11702 3 100783960  0 8538017 0 3772629 1 2 0 6 100783960  0 0 0 0 1 2 0 6 100783960  0 0 0 0 1 2 0 6 
+2.802531e+01 +2.799409e+01 100787960  -1 12378625 3 6536923 1 6 11702 3 100787960  0 8545399 0 3771065 1 2 0 6 100787960  0 0 0 0 1 2 0 6 100787960  0 0 0 0 1 2 0 6 
+2.802531e+01 +2.799409e+01 100791960  -1 12271433 3 6460429 1 6 11702 3 100791960  0 8535765 0 3739533 1 2 0 6 100791960  0 0 0 0 1 2 0 6 100791960  0 0 0 0 1 2 0 6 
+2.802531e+01 +2.799409e+01 100795960  -1 12159735 3 6380309 1 6 11702 3 100795960  0 8530261 0 3780575 1 2 0 6 100795960  0 0 0 0 1 2 0 6 100795960  0 0 0 0 1 2 0 6 
+2.802531e+01 +2.799409e+01 100799960  -1 12058177 3 6287117 1 6 11702 3 100799960  0 8538831 0 3764745 1 2 0 6 100799960  0 0 0 0 1 2 0 6 100799960  0 0 0 0 1 2 0 6 
+2.802531e+01 +2.799409e+01 100803960  -1 11956491 3 6186857 1 6 11702 3 100803960  0 8531825 0 3718011 1 2 0 6 100803960  0 0 0 0 1 2 0 6 100803960  0 0 0 0 1 2 0 6 
+2.802531e+01 +2.799409e+01 100807968  -1 11850489 3 6071585 1 6 11702 3 100807968  0 8545587 0 3748417 1 2 0 6 100807968  0 0 0 0 1 2 0 6 100807968  0 0 0 0 1 2 0 6 
+2.802531e+01 +2.799409e+01 100811960  -1 11757189 3 5967573 1 6 11702 3 100811960  0 8555533 0 3769751 1 2 0 6 100811960  0 0 0 0 1 2 0 6 100811960  0 0 0 0 1 2 0 6 
+2.802531e+01 +2.799409e+01 100815960  -1 11665579 3 5848799 1 6 11702 3 100815960  0 8538455 0 3777885 1 2 0 6 100815960  0 0 0 0 1 2 0 6 100815960  0 0 0 0 1 2 0 6 
+2.802531e+01 +2.799409e+01 100819960  -1 11573281 3 5722145 1 6 11702 3 100819960  0 8542333 0 3817173 1 2 0 6 100819960  0 0 0 0 1 2 0 6 100819960  0 0 0 0 1 2 0 6 
+2.802531e+01 +2.799409e+01 100823960  -1 11489367 3 5592675 1 6 11702 3 100823960  0 8537643 0 3733903 1 2 0 6 100823960  0 0 0 0 1 2 0 6 100823960  0 0 0 0 1 2 0 6 
+2.802531e+01 +2.799409e+01 100827960  -1 11410273 3 5453825 1 6 11702 3 100827960  0 8547525 0 3753797 1 2 0 6 100827960  0 0 0 0 1 2 0 6 100827960  0 0 0 0 1 2 0 6 
+2.802531e+01 +2.799409e+01 100831960  -1 11333429 3 5310159 1 6 11702 3 100831960  0 8539081 0 3765183 1 2 0 6 100831960  0 0 0 0 1 2 0 6 100831960  0 0 0 0 1 2 0 6 
+2.802531e+01 +2.799409e+01 100835968  -1 11256149 3 5174559 1 6 11702 3 100835968  0 8529885 0 3746853 1 2 0 6 100835968  0 0 0 0 1 2 0 6 100835968  0 0 0 0 1 2 0 6 
+2.802531e+01 +2.799409e+01 100839960  -1 11182311 3 5024013 1 6 11702 3 100839960  0 8542709 0 3766811 1 2 0 6 100839960  0 0 0 0 1 2 0 6 100839960  0 0 0 0 1 2 0 6 
+2.802531e+01 +2.799409e+01 100843960  -1 11114479 3 4879909 1 6 11702 3 100843960  0 8535953 0 3788771 1 2 0 6 100843960  0 0 0 0 1 2 0 6 100843960  0 0 0 0 1 2 0 6 
+2.802531e+01 +2.799409e+01 100847960  -1 11050027 3 4730363 1 6 11702 3 100847960  0 8529073 0 3751169 1 2 0 6 100847960  0 0 0 0 1 2 0 6 100847960  0 0 0 0 1 2 0 6 
+2.802531e+01 +2.799409e+01 100851960  -1 10986575 3 4580441 1 6 11702 3 100851960  0 8547401 0 3723955 1 2 0 6 100851960  0 0 0 0 1 2 0 6 100851960  0 0 0 0 1 2 0 6 
+2.802531e+01 +2.799409e+01 100855960  -1 10930571 3 4429019 1 6 11702 3 100855960  0 8535077 0 3784329 1 2 0 6 100855960  0 0 0 0 1 2 0 6 100855960  0 0 0 0 1 2 0 6 
+2.802531e+01 +2.799409e+01 100859960  -1 10880635 3 4273969 1 6 11702 3 100859960  0 8538079 0 3768249 1 2 0 6 100859960  0 0 0 0 1 2 0 6 100859960  0 0 0 0 1 2 0 6 
+2.802531e+01 +2.799409e+01 100863960  -1 10830263 3 4116355 1 6 11702 3 100863960  0 8548777 0 3768813 1 2 0 6 100863960  0 0 0 0 1 2 0 6 100863960  0 0 0 0 1 2 0 6 
+2.802531e+01 +2.799409e+01 100867960  -1 10780641 3 3968499 1 6 11702 3 100867960  0 8528635 0 3754861 1 2 0 6 100867960  0 0 0 0 1 2 0 6 100867960  0 0 0 0 1 2 0 6 
+2.802531e+01 +2.799409e+01 100871960  -1 10736837 3 3813135 1 6 11702 3 100871960  0 8541145 0 3763245 1 2 0 6 100871960  0 0 0 0 1 2 0 6 100871960  0 0 0 0 1 2 0 6 
+2.802531e+01 +2.799409e+01 100875960  -1 10697227 3 3658023 1 6 11702 3 100875960  0 8532263 0 3781951 1 2 0 6 100875960  0 0 0 0 1 2 0 6 100875960  0 0 0 0 1 2 0 6 
+2.802531e+01 +2.799409e+01 100879960  -1 10663125 3 3519485 1 6 11702 3 100879960  0 8530887 0 3767999 1 2 0 6 100879960  0 0 0 0 1 2 0 6 100879960  0 0 0 0 1 2 0 6 
+2.802531e+01 +2.799409e+01 100883960  -1 10631961 3 3369127 1 6 11702 3 100883960  0 8534701 0 3799219 1 2 0 6 100883960  0 0 0 0 1 2 0 6 100883960  0 0 0 0 1 2 0 6 
+2.802531e+01 +2.799409e+01 100887960  -1 10599047 4 13227647 1 6 11702 3 100887960  0 8541521 0 3728523 1 2 0 6 100887960  0 0 0 0 1 2 0 6 100887960  0 0 0 0 1 2 0 6 
+2.803252e+01 +2.799409e+01 100891960  -1 10574893 4 13095551 1 6 11702 3 100891960  0 8544023 0 3736781 1 2 0 6 100891960  0 0 0 0 1 2 0 6 100891960  0 0 0 0 1 2 0 6 
+2.803252e+01 +2.799409e+01 100895960  -1 10545607 4 12956825 1 6 11702 3 100895960  0 8547401 0 3767499 1 2 0 6 100895960  0 0 0 0 1 2 0 6 100895960  0 0 0 0 1 2 0 6 
+2.803252e+01 +2.799409e+01 100899960  -1 10522705 4 12821979 1 6 11702 3 100899960  0 8542521 0 3771315 1 2 0 6 100899960  0 0 0 0 1 2 0 6 100899960  0 0 0 0 1 2 0 6 
+2.803252e+01 +2.799409e+01 100903960  -1 10501679 4 12683565 1 6 11702 3 100903960  0 8530261 0 3726457 1 2 0 6 100903960  0 0 0 0 1 2 0 6 100903960  0 0 0 0 1 2 0 6 
+2.803252e+01 +2.799409e+01 100907960  -1 10479967 4 12552783 1 6 11702 3 100907960  0 8548277 0 3767185 1 2 0 6 100907960  0 0 0 0 1 2 0 6 100907960  0 0 0 0 1 2 0 6 
+2.803252e+01 +2.799409e+01 100911960  -1 10464261 4 12427755 1 6 11702 3 100911960  0 8530823 0 3702933 1 2 0 6 100911960  0 0 0 0 1 2 0 6 100911960  0 0 0 0 1 2 0 6 
+2.803252e+01 +2.799409e+01 100915960  -1 10444799 4 12309731 1 6 11702 3 100915960  0 8550779 0 3809917 1 2 0 6 100915960  0 0 0 0 1 2 0 6 100915960  0 0 0 0 1 2 0 6 
+2.803252e+01 +2.799409e+01 100919960  -1 10437103 4 12184265 1 6 11702 3 100919960  0 8548839 0 3783703 1 2 0 6 100919960  0 0 0 0 1 2 0 6 100919960  0 0 0 0 1 2 0 6 
+2.803252e+01 +2.799409e+01 100923952  -1 10424211 4 12074623 1 6 11702 3 100923952  0 8542459 0 3764183 1 2 0 6 100923952  0 0 0 0 1 2 0 6 100923952  0 0 0 0 1 2 0 6 
+2.803252e+01 +2.799409e+01 100927960  -1 10420019 4 11968923 1 6 11702 3 100927960  0 8539643 0 3803597 1 2 0 6 100927960  0 0 0 0 1 2 0 6 100927960  0 0 0 0 1 2 0 6 
+2.803252e+01 +2.799409e+01 100931960  -1 10408819 4 11855903 1 6 11702 3 100931960  0 8538581 0 3774569 1 2 0 6 100931960  0 0 0 0 1 2 0 6 100931960  0 0 0 0 1 2 0 6 
+2.803252e+01 +2.799409e+01 100935960  -1 10403499 4 11763461 1 6 11702 3 100935960  0 8540457 0 3777133 1 2 0 6 100935960  0 0 0 0 1 2 0 6 100935960  0 0 0 0 1 2 0 6 
+2.803252e+01 +2.799409e+01 100939960  -1 10395427 4 11658323 1 6 11702 3 100939960  0 8532199 0 3793463 1 2 0 6 100939960  0 0 0 0 1 2 0 6 100939960  0 0 0 0 1 2 0 6 
+2.803252e+01 +2.799409e+01 100943960  -1 10391423 4 11569007 1 6 11702 3 100943960  0 8542583 0 3762055 1 2 0 6 100943960  0 0 0 0 1 2 0 6 100943960  0 0 0 0 1 2 0 6 
+2.803252e+01 +2.799409e+01 100947960  -1 10387731 4 11476253 1 6 11702 3 100947960  0 8540833 0 3757239 1 2 0 6 100947960  0 0 0 0 1 2 0 6 100947960  0 0 0 0 1 2 0 6 
+2.803252e+01 +2.799409e+01 100951952  -1 10380785 4 11397007 1 6 11702 3 100951952  0 8541521 0 3792837 1 2 0 6 100951952  0 0 0 0 1 2 0 6 100951952  0 0 0 0 1 2 0 6 
+2.803252e+01 +2.799409e+01 100955952  -1 10374465 4 11307567 1 6 11702 3 100955952  0 8536579 0 3813545 1 2 0 6 100955952  0 0 0 0 1 2 0 6 100955952  0 0 0 0 1 2 0 6 
+2.803252e+01 +2.799409e+01 100959960  -1 10380471 4 11230637 1 6 11702 3 100959960  0 8530323 0 3731901 1 2 0 6 100959960  0 0 0 0 1 2 0 6 100959960  0 0 0 0 1 2 0 6 
+2.803252e+01 +2.799409e+01 100963960  -1 10374027 4 11155395 1 6 11702 3 100963960  0 8541207 0 3777821 1 2 0 6 100963960  0 0 0 0 1 2 0 6 100963960  0 0 0 0 1 2 0 6 
+2.803252e+01 +2.799409e+01 100967960  -1 10371837 4 11088159 1 6 11702 3 100967960  0 8550465 0 3770377 1 2 0 6 100967960  0 0 0 0 1 2 0 6 100967960  0 0 0 0 1 2 0 6 
+2.803252e+01 +2.799409e+01 100971960  -1 10372399 4 11025113 1 6 11702 3 100971960  0 8550903 0 3767311 1 2 0 6 100971960  0 0 0 0 1 2 0 6 100971960  0 0 0 0 1 2 0 6 
+2.803252e+01 +2.799409e+01 100975960  -1 10365705 4 10953937 1 6 11702 3 100975960  0 8539019 0 3768499 1 2 0 6 100975960  0 0 0 0 1 2 0 6 100975960  0 0 0 0 1 2 0 6 
+2.803252e+01 +2.799409e+01 100979952  -1 10365517 4 10893267 1 6 11702 3 100979952  0 8538769 0 3772755 1 2 0 6 100979952  0 0 0 0 1 2 0 6 100979952  0 0 0 0 1 2 0 6 
+2.803252e+01 +2.799409e+01 100983952  -1 10363451 4 10837415 1 6 11702 3 100983952  0 8545273 0 3771189 1 2 0 6 100983952  0 0 0 0 1 2 0 6 100983952  0 0 0 0 1 2 0 6 
+2.803252e+01 +2.799409e+01 100987952  -1 10363201 4 10784627 1 6 11702 3 100987952  0 8551217 0 3791273 1 2 0 6 100987952  0 0 0 0 1 2 0 6 100987952  0 0 0 0 1 2 0 6 
+2.803252e+01 +2.799409e+01 100991960  -1 10358633 4 10744723 1 6 11702 3 100991960  0 8537767 0 3762369 1 2 0 6 100991960  0 0 0 0 1 2 0 6 100991960  0 0 0 0 1 2 0 6 
+2.803252e+01 +2.799409e+01 100995960  -1 10358821 4 10697563 1 6 11702 3 100995960  0 8545399 0 3730523 1 2 0 6 100995960  0 0 0 0 1 2 0 6 100995960  0 0 0 0 1 2 0 6 
+2.803252e+01 +2.799409e+01 100999960  -1 10352313 4 10650029 1 6 11702 3 100999960  0 8547275 0 3800657 1 2 0 6 100999960  0 0 0 0 1 2 0 6 100999960  0 0 0 0 1 2 0 6 
+2.803252e+01 +2.799409e+01 101000000  -1 10352939 4 10646401 1 6 11702 3 101000000  0 8553719 0 3745227 1 2 0 6 101000000  0 0 0 0 1 2 0 6 101000000  0 0 0 0 1 2 0 6 
